1000, 1, 0, 0.01, 0, 3.892703138646144
1000, 1, 0, 0.01, 1, 21.935981291410364
1000, 1, 0, 0.05, 0, 3.960100040665154
1000, 1, 0, 0.05, 1, 16.034913519397215
1000, 1, 0, 0.1, 0, 3.974648136647326
1000, 1, 0, 0.1, 1, 8.80688789271431
1000, 1, 0, 0.25, 0, 3.747446656198056
1000, 1, 0, 0.25, 1, 9.357419660844057
1000, 1, 0, 0.5, 0, 3.830065169424026
1000, 1, 0, 0.5, 1, 11.169669433004271
1000, 1, 0, 0.75, 0, 3.9330496983051173
1000, 1, 0, 0.75, 1, 10.288578359326856
1000, 1, 0, 1, 0, 4.138069855350199
1000, 1, 0, 1, 1, 22.49599075039251
1000, 1, 0.01, 0.01, 0, 4.009380446803927
1000, 1, 0.01, 0.01, 1, 12.791685560779607
1000, 1, 0.01, 0.05, 0, 3.918604179185697
1000, 1, 0.01, 0.05, 1, 13.042849091933556
1000, 1, 0.01, 0.1, 0, 3.962180966812223
1000, 1, 0.01, 0.1, 1, 12.100865491033264
1000, 1, 0.01, 0.25, 0, 3.8274625004852996
1000, 1, 0.01, 0.25, 1, 11.539345417801448
1000, 1, 0.01, 0.5, 0, 3.802204947524459
1000, 1, 0.01, 0.5, 1, 18.052807798524775
1000, 1, 0.01, 0.75, 0, 3.9227585925377904
1000, 1, 0.01, 0.75, 1, 12.269426714746288
1000, 1, 0.01, 1, 0, 4.2764431966654275
1000, 1, 0.01, 1, 1, 11.994724816116648
1000, 1, 0.02, 0.01, 0, 3.9115767363192013
1000, 1, 0.02, 0.01, 1, 12.887942791016924
1000, 1, 0.02, 0.05, 0, 3.7883606278103894
1000, 1, 0.02, 0.05, 1, 11.111059476803618
1000, 1, 0.02, 0.1, 0, 3.861533658463475
1000, 1, 0.02, 0.1, 1, 11.3127821893611
1000, 1, 0.02, 0.25, 0, 3.8896372880368375
1000, 1, 0.02, 0.25, 1, 11.573485122860369
1000, 1, 0.02, 0.5, 0, 4.002157987102473
1000, 1, 0.02, 0.5, 1, 10.722983343800896
1000, 1, 0.02, 0.75, 0, 4.025917838800768
1000, 1, 0.02, 0.75, 1, 9.058119026333314
1000, 1, 0.02, 1, 0, 4.328125642558974
1000, 1, 0.02, 1, 1, 16.33032198360303
1000, 1, 0.03, 0.01, 0, 3.938570757775879
1000, 1, 0.03, 0.01, 1, 13.830128728250067
1000, 1, 0.03, 0.05, 0, 3.779616610450706
1000, 1, 0.03, 0.05, 1, 14.65701961250399
1000, 1, 0.03, 0.1, 0, 3.8706276993902846
1000, 1, 0.03, 0.1, 1, 47.3752371031356
1000, 1, 0.03, 0.25, 0, 4.124632432186819
1000, 1, 0.03, 0.25, 1, 10.40792444261176
1000, 1, 0.03, 0.5, 0, 4.061129647943607
1000, 1, 0.03, 0.5, 1, 26.28844121034726
1000, 1, 0.03, 0.75, 0, 4.255253813411708
1000, 1, 0.03, 0.75, 1, 14.365134950691292
1000, 1, 0.03, 1, 0, 4.335698534566792
1000, 1, 0.03, 1, 1, 21.26394109011578
1000, 1, 0.04, 0.01, 0, 3.854058029019785
1000, 1, 0.04, 0.01, 1, 17.578199517056863
1000, 1, 0.04, 0.05, 0, 3.8116768682677717
1000, 1, 0.04, 0.05, 1, 14.946776776310351
1000, 1, 0.04, 0.1, 0, 3.972652913436151
1000, 1, 0.04, 0.1, 1, 10.41632757045771
1000, 1, 0.04, 0.25, 0, 3.9521661213139785
1000, 1, 0.04, 0.25, 1, 10.882437633320796
1000, 1, 0.04, 0.5, 0, 4.28109949248952
1000, 1, 0.04, 0.5, 1, 24.24386122755086
1000, 1, 0.04, 0.75, 0, 4.577033266333793
1000, 1, 0.04, 0.75, 1, 44.99225073033862
1000, 1, 0.04, 1, 0, 4.181204614928966
1000, 1, 0.04, 1, 1, 41.908766587686664
1000, 1, 0.05, 0.01, 0, 3.9019265458649817
1000, 1, 0.05, 0.01, 1, 18.881632099970773
1000, 1, 0.05, 0.05, 0, 3.7622187328473355
1000, 1, 0.05, 0.05, 1, 13.973295993127854
1000, 1, 0.05, 0.1, 0, 3.8291630997606196
1000, 1, 0.05, 0.1, 1, 13.542043715158002
1000, 1, 0.05, 0.25, 0, 4.127687986420569
1000, 1, 0.05, 0.25, 1, 25.078886573597686
1000, 1, 0.05, 0.5, 0, 4.180782141492585
1000, 1, 0.05, 0.5, 1, 12.251996425454115
1000, 1, 0.05, 0.75, 0, 3.879881207579614
1000, 1, 0.05, 0.75, 1, 25.760384707147576
1000, 1, 0.05, 1, 0, 4.229826423470847
1000, 1, 0.05, 1, 1, 17.052517182435658
1000, 1, 0.06, 0.01, 0, 3.92849545912292
1000, 1, 0.06, 0.01, 1, 12.168994442665388
1000, 1, 0.06, 0.05, 0, 3.9418652810782744
1000, 1, 0.06, 0.05, 1, 57.57081511592962
1000, 1, 0.06, 0.1, 0, 3.8403843094939374
1000, 1, 0.06, 0.1, 1, 11.146265652410095
1000, 1, 0.06, 0.25, 0, 3.995669851343166
1000, 1, 0.06, 0.25, 1, -45.71431952374686
1000, 1, 0.06, 0.5, 0, 4.20623443813861
1000, 1, 0.06, 0.5, 1, 25.10732283285924
1000, 1, 0.06, 0.75, 0, 4.156566781325748
1000, 1, 0.06, 0.75, 1, 8.910736476408607
1000, 1, 0.06, 1, 0, 4.01594908829567
1000, 1, 0.06, 1, 1, 31.46287326146416
1000, 1, 0.07, 0.01, 0, 3.9869580233947457
1000, 1, 0.07, 0.01, 1, 32.06214660419828
1000, 1, 0.07, 0.05, 0, 3.942447505501046
1000, 1, 0.07, 0.05, 1, 33.52103963060955
1000, 1, 0.07, 0.1, 0, 4.039363871119392
1000, 1, 0.07, 0.1, 1, 9.893952848891638
1000, 1, 0.07, 0.25, 0, 4.107656451611804
1000, 1, 0.07, 0.25, 1, 33.96932704169188
1000, 1, 0.07, 0.5, 0, 4.241602281864897
1000, 1, 0.07, 0.5, 1, 12.23299088983562
1000, 1, 0.07, 0.75, 0, 4.147203411170137
1000, 1, 0.07, 0.75, 1, 164.14749312445463
1000, 1, 0.07, 1, 0, 4.349122047314326
1000, 1, 0.07, 1, 1, 24.091780045965244
1000, 1, 0.08, 0.01, 0, 3.872364737151332
1000, 1, 0.08, 0.01, 1, 17.337910711071395
1000, 1, 0.08, 0.05, 0, 4.003199854334284
1000, 1, 0.08, 0.05, 1, 14.437828836802549
1000, 1, 0.08, 0.1, 0, 3.892757016069305
1000, 1, 0.08, 0.1, 1, 15.874655538632322
1000, 1, 0.08, 0.25, 0, 3.9059068408558315
1000, 1, 0.08, 0.25, 1, 10.923420365005757
1000, 1, 0.08, 0.5, 0, 4.1258805674521914
1000, 1, 0.08, 0.5, 1, 9.851658496413984
1000, 1, 0.08, 0.75, 0, 4.020015390651952
1000, 1, 0.08, 0.75, 1, 11.002726663931787
1000, 1, 0.08, 1, 0, 4.254232752879276
1000, 1, 0.08, 1, 1, 25.388691181171232
1000, 1, 0.09, 0.01, 0, 3.790482934664899
1000, 1, 0.09, 0.01, 1, 13.772119007974764
1000, 1, 0.09, 0.05, 0, 3.764620758662693
1000, 1, 0.09, 0.05, 1, 8.972032212882802
1000, 1, 0.09, 0.1, 0, 4.003736919514023
1000, 1, 0.09, 0.1, 1, 9.59171322320637
1000, 1, 0.09, 0.25, 0, 4.030212032296205
1000, 1, 0.09, 0.25, 1, 10.886880927717762
1000, 1, 0.09, 0.5, 0, 4.3141862613998185
1000, 1, 0.09, 0.5, 1, 29.870983585305137
1000, 1, 0.09, 0.75, 0, 4.618400082236508
1000, 1, 0.09, 0.75, 1, 10.09034305536215
1000, 1, 0.09, 1, 0, 4.139667229315981
1000, 1, 0.09, 1, 1, 17.899485805794303
1000, 1, 0.1, 0.01, 0, 3.970436736660888
1000, 1, 0.1, 0.01, 1, 12.864429343555322
1000, 1, 0.1, 0.05, 0, 3.7694910251094464
1000, 1, 0.1, 0.05, 1, 12.47728535526791
1000, 1, 0.1, 0.1, 0, 4.131127248006509
1000, 1, 0.1, 0.1, 1, 12.500046510091634
1000, 1, 0.1, 0.25, 0, 3.8844796095630154
1000, 1, 0.1, 0.25, 1, 11.734629887136155
1000, 1, 0.1, 0.5, 0, 4.269098691762679
1000, 1, 0.1, 0.5, 1, 14.932862958666759
1000, 1, 0.1, 0.75, 0, 4.565163656139293
1000, 1, 0.1, 0.75, 1, 69.64742534071107
1000, 1, 0.1, 1, 0, 4.47350530535592
1000, 1, 0.1, 1, 1, 20.31860762568096
1000, 1, 0.15, 0.01, 0, 4.038109938606715
1000, 1, 0.15, 0.01, 1, 16.48405121193818
1000, 1, 0.15, 0.05, 0, 3.829693369566941
1000, 1, 0.15, 0.05, 1, 22.684444197054983
1000, 1, 0.15, 0.1, 0, 4.030534664848689
1000, 1, 0.15, 0.1, 1, 17.311704850619023
1000, 1, 0.15, 0.25, 0, 4.060296696712939
1000, 1, 0.15, 0.25, 1, 13.582957040815888
1000, 1, 0.15, 0.5, 0, 4.1972780925764095
1000, 1, 0.15, 0.5, 1, 15.595204829766082
1000, 1, 0.15, 0.75, 0, 4.298234495068708
1000, 1, 0.15, 0.75, 1, 68.5119097101349
1000, 1, 0.15, 1, 0, 4.5293526137973155
1000, 1, 0.15, 1, 1, 19.255007591841718
1000, 1, 0.2, 0.01, 0, 3.9739494629483083
1000, 1, 0.2, 0.01, 1, 13.177424254580234
1000, 1, 0.2, 0.05, 0, 4.072544795513327
1000, 1, 0.2, 0.05, 1, 14.327593910149908
1000, 1, 0.2, 0.1, 0, 3.8629970255633657
1000, 1, 0.2, 0.1, 1, 12.35213963999783
1000, 1, 0.2, 0.25, 0, 4.421323120824535
1000, 1, 0.2, 0.25, 1, 11.054644555037008
1000, 1, 0.2, 0.5, 0, 4.443014104851548
1000, 1, 0.2, 0.5, 1, 15.764002037836292
1000, 1, 0.2, 0.75, 0, 4.867221305502417
1000, 1, 0.2, 0.75, 1, 19.395520793855155
1000, 1, 0.2, 1, 0, 5.153298105399842
1000, 1, 0.2, 1, 1, 27.254563337864827
1000, 2.5, 0, 0.01, 0, 3.8976159114034745
1000, 2.5, 0, 0.01, 1, 12.194079706900109
1000, 2.5, 0, 0.05, 0, 3.971557024545507
1000, 2.5, 0, 0.05, 1, 11.967974226243138
1000, 2.5, 0, 0.1, 0, 3.7912882288321548
1000, 2.5, 0, 0.1, 1, 9.453304220963043
1000, 2.5, 0, 0.25, 0, 3.7715076492008897
1000, 2.5, 0, 0.25, 1, 11.527875685951727
1000, 2.5, 0, 0.5, 0, 4.051928106666964
1000, 2.5, 0, 0.5, 1, 107.02309252676739
1000, 2.5, 0, 0.75, 0, 3.989170186052862
1000, 2.5, 0, 0.75, 1, 18.38810692207323
1000, 2.5, 0, 1, 0, 3.774857378691764
1000, 2.5, 0, 1, 1, 17.047143395688344
1000, 2.5, 0.01, 0.01, 0, 3.873424715046361
1000, 2.5, 0.01, 0.01, 1, 8.584091332361547
1000, 2.5, 0.01, 0.05, 0, 3.6434499838550805
1000, 2.5, 0.01, 0.05, 1, 23.621009284355583
1000, 2.5, 0.01, 0.1, 0, 3.7138162348923593
1000, 2.5, 0.01, 0.1, 1, 11.177131744639622
1000, 2.5, 0.01, 0.25, 0, 3.8877288684203704
1000, 2.5, 0.01, 0.25, 1, 10.63587750199063
1000, 2.5, 0.01, 0.5, 0, 3.630539942750811
1000, 2.5, 0.01, 0.5, 1, 17.233604785321326
1000, 2.5, 0.01, 0.75, 0, 3.7773912975859583
1000, 2.5, 0.01, 0.75, 1, 29.512902641912717
1000, 2.5, 0.01, 1, 0, 3.89635237864516
1000, 2.5, 0.01, 1, 1, 11.198086567116507
1000, 2.5, 0.02, 0.01, 0, 3.708655313139994
1000, 2.5, 0.02, 0.01, 1, 16.72269022584342
1000, 2.5, 0.02, 0.05, 0, 3.8851821807208777
1000, 2.5, 0.02, 0.05, 1, 10.204137915038315
1000, 2.5, 0.02, 0.1, 0, 3.7988601138388667
1000, 2.5, 0.02, 0.1, 1, 18.481551442049522
1000, 2.5, 0.02, 0.25, 0, 3.931677840381184
1000, 2.5, 0.02, 0.25, 1, 14.458219964312308
1000, 2.5, 0.02, 0.5, 0, 3.823534291600428
1000, 2.5, 0.02, 0.5, 1, 7.25246454354825
1000, 2.5, 0.02, 0.75, 0, 3.9882706311351828
1000, 2.5, 0.02, 0.75, 1, 10.171520754736713
1000, 2.5, 0.02, 1, 0, 3.830400236794112
1000, 2.5, 0.02, 1, 1, 9.124997247972006
1000, 2.5, 0.03, 0.01, 0, 3.888767890564662
1000, 2.5, 0.03, 0.01, 1, 15.666622888726
1000, 2.5, 0.03, 0.05, 0, 3.83497996349154
1000, 2.5, 0.03, 0.05, 1, 20.40191891476975
1000, 2.5, 0.03, 0.1, 0, 3.886592205765849
1000, 2.5, 0.03, 0.1, 1, 13.993721943411693
1000, 2.5, 0.03, 0.25, 0, 3.796025428778663
1000, 2.5, 0.03, 0.25, 1, 10.209684579329819
1000, 2.5, 0.03, 0.5, 0, 3.8781437165729207
1000, 2.5, 0.03, 0.5, 1, 15.204217341276308
1000, 2.5, 0.03, 0.75, 0, 3.8688275742318
1000, 2.5, 0.03, 0.75, 1, 9.272232596043182
1000, 2.5, 0.03, 1, 0, 3.7360088511001015
1000, 2.5, 0.03, 1, 1, 11.711454982171055
1000, 2.5, 0.04, 0.01, 0, 3.8690283440117046
1000, 2.5, 0.04, 0.01, 1, 22.50195069922812
1000, 2.5, 0.04, 0.05, 0, 3.8939255630503915
1000, 2.5, 0.04, 0.05, 1, 19.787568334957182
1000, 2.5, 0.04, 0.1, 0, 3.847250645588842
1000, 2.5, 0.04, 0.1, 1, 10.984931843281192
1000, 2.5, 0.04, 0.25, 0, 3.8505255562022245
1000, 2.5, 0.04, 0.25, 1, 37.20552736304451
1000, 2.5, 0.04, 0.5, 0, 3.8202848815354153
1000, 2.5, 0.04, 0.5, 1, 9.964413557653408
1000, 2.5, 0.04, 0.75, 0, 3.906361399286196
1000, 2.5, 0.04, 0.75, 1, 20.880477563648448
1000, 2.5, 0.04, 1, 0, 3.9777599881274965
1000, 2.5, 0.04, 1, 1, 19.41319139211144
1000, 2.5, 0.05, 0.01, 0, 3.8044221293001126
1000, 2.5, 0.05, 0.01, 1, 15.68847604579345
1000, 2.5, 0.05, 0.05, 0, 3.8669356910610237
1000, 2.5, 0.05, 0.05, 1, 14.820631345134359
1000, 2.5, 0.05, 0.1, 0, 3.8431270908223216
1000, 2.5, 0.05, 0.1, 1, 18.64698508138839
1000, 2.5, 0.05, 0.25, 0, 4.110948374254369
1000, 2.5, 0.05, 0.25, 1, 9.096096812859447
1000, 2.5, 0.05, 0.5, 0, 3.954310271496787
1000, 2.5, 0.05, 0.5, 1, 7.953766276114762
1000, 2.5, 0.05, 0.75, 0, 4.0175179967890156
1000, 2.5, 0.05, 0.75, 1, 12.878602783561902
1000, 2.5, 0.05, 1, 0, 4.0087376104375725
1000, 2.5, 0.05, 1, 1, 12.24751443887514
1000, 2.5, 0.06, 0.01, 0, 3.8259835819895005
1000, 2.5, 0.06, 0.01, 1, 23.696005154789532
1000, 2.5, 0.06, 0.05, 0, 3.819890712151894
1000, 2.5, 0.06, 0.05, 1, 9.997641484609325
1000, 2.5, 0.06, 0.1, 0, 3.9440845485420053
1000, 2.5, 0.06, 0.1, 1, 11.951018099978704
1000, 2.5, 0.06, 0.25, 0, 3.910612615164486
1000, 2.5, 0.06, 0.25, 1, 11.111808789216811
1000, 2.5, 0.06, 0.5, 0, 3.8326924838990144
1000, 2.5, 0.06, 0.5, 1, 12.469341829288544
1000, 2.5, 0.06, 0.75, 0, 3.783357222297651
1000, 2.5, 0.06, 0.75, 1, 18.477689660391107
1000, 2.5, 0.06, 1, 0, 4.056594552560035
1000, 2.5, 0.06, 1, 1, 9.057109532650315
1000, 2.5, 0.07, 0.01, 0, 3.833794805222706
1000, 2.5, 0.07, 0.01, 1, 9.31883254035275
1000, 2.5, 0.07, 0.05, 0, 3.8298631532230734
1000, 2.5, 0.07, 0.05, 1, 32.56722080389944
1000, 2.5, 0.07, 0.1, 0, 3.9653485283860728
1000, 2.5, 0.07, 0.1, 1, 7.852741796355549
1000, 2.5, 0.07, 0.25, 0, 3.8547699592499227
1000, 2.5, 0.07, 0.25, 1, 12.31139770959822
1000, 2.5, 0.07, 0.5, 0, 3.8262219271147027
1000, 2.5, 0.07, 0.5, 1, 10.942786667746626
1000, 2.5, 0.07, 0.75, 0, 4.115728835991513
1000, 2.5, 0.07, 0.75, 1, 8.434209201015141
1000, 2.5, 0.07, 1, 0, 4.111035147832355
1000, 2.5, 0.07, 1, 1, 7.575104875234908
1000, 2.5, 0.08, 0.01, 0, 3.9702728270727023
1000, 2.5, 0.08, 0.01, 1, 16.850604673519634
1000, 2.5, 0.08, 0.05, 0, 3.8256266329891693
1000, 2.5, 0.08, 0.05, 1, 16.79552419565123
1000, 2.5, 0.08, 0.1, 0, 3.817417120388221
1000, 2.5, 0.08, 0.1, 1, 51.63292373880581
1000, 2.5, 0.08, 0.25, 0, 3.953050640955089
1000, 2.5, 0.08, 0.25, 1, 15.558649462047109
1000, 2.5, 0.08, 0.5, 0, 3.8770548130833893
1000, 2.5, 0.08, 0.5, 1, 16.129712732587922
1000, 2.5, 0.08, 0.75, 0, 4.15347869709213
1000, 2.5, 0.08, 0.75, 1, 16.598082644156086
1000, 2.5, 0.08, 1, 0, 4.28291469633442
1000, 2.5, 0.08, 1, 1, 13.180798870425752
1000, 2.5, 0.09, 0.01, 0, 3.834988029399851
1000, 2.5, 0.09, 0.01, 1, 16.02562206580235
1000, 2.5, 0.09, 0.05, 0, 3.7839211442273193
1000, 2.5, 0.09, 0.05, 1, 8.050846522816181
1000, 2.5, 0.09, 0.1, 0, 3.8487726586628916
1000, 2.5, 0.09, 0.1, 1, 10.321969021050338
1000, 2.5, 0.09, 0.25, 0, 3.813239215352906
1000, 2.5, 0.09, 0.25, 1, 13.287536181933588
1000, 2.5, 0.09, 0.5, 0, 4.060064408425318
1000, 2.5, 0.09, 0.5, 1, 11.176109907969005
1000, 2.5, 0.09, 0.75, 0, 3.843585066260031
1000, 2.5, 0.09, 0.75, 1, 12.290736494546536
1000, 2.5, 0.09, 1, 0, 4.006149442017944
1000, 2.5, 0.09, 1, 1, 10.47191700608841
1000, 2.5, 0.1, 0.01, 0, 3.941898420927546
1000, 2.5, 0.1, 0.01, 1, 9.77038166630412
1000, 2.5, 0.1, 0.05, 0, 3.8731882552599504
1000, 2.5, 0.1, 0.05, 1, 8.108300566346749
1000, 2.5, 0.1, 0.1, 0, 3.8209081879751765
1000, 2.5, 0.1, 0.1, 1, 13.287049011077304
1000, 2.5, 0.1, 0.25, 0, 3.969911544661334
1000, 2.5, 0.1, 0.25, 1, 14.027244371234385
1000, 2.5, 0.1, 0.5, 0, 4.091920681469679
1000, 2.5, 0.1, 0.5, 1, 7.2682408561902765
1000, 2.5, 0.1, 0.75, 0, 3.8181589657204795
1000, 2.5, 0.1, 0.75, 1, 14.408463386688119
1000, 2.5, 0.1, 1, 0, 4.261359994714835
1000, 2.5, 0.1, 1, 1, 62.294489933390274
1000, 2.5, 0.15, 0.01, 0, 3.681330841387332
1000, 2.5, 0.15, 0.01, 1, 9.481162044263348
1000, 2.5, 0.15, 0.05, 0, 3.8725090868523884
1000, 2.5, 0.15, 0.05, 1, 12.12927801170346
1000, 2.5, 0.15, 0.1, 0, 3.8746422400230918
1000, 2.5, 0.15, 0.1, 1, 15.60828772828177
1000, 2.5, 0.15, 0.25, 0, 4.040725111997416
1000, 2.5, 0.15, 0.25, 1, 9.147769778166436
1000, 2.5, 0.15, 0.5, 0, 4.176746122766632
1000, 2.5, 0.15, 0.5, 1, 14.298474275347186
1000, 2.5, 0.15, 0.75, 0, 4.301513898348646
1000, 2.5, 0.15, 0.75, 1, 8.999451189918116
1000, 2.5, 0.15, 1, 0, 4.458828288515984
1000, 2.5, 0.15, 1, 1, 33.673057031266104
1000, 2.5, 0.2, 0.01, 0, 3.886641580000346
1000, 2.5, 0.2, 0.01, 1, 11.046953405712465
1000, 2.5, 0.2, 0.05, 0, 3.8185122750814697
1000, 2.5, 0.2, 0.05, 1, 290.7949086506696
1000, 2.5, 0.2, 0.1, 0, 3.9281522009355108
1000, 2.5, 0.2, 0.1, 1, 14.31682330088654
1000, 2.5, 0.2, 0.25, 0, 3.980401640094636
1000, 2.5, 0.2, 0.25, 1, 11.96948209929285
1000, 2.5, 0.2, 0.5, 0, 4.172115834193263
1000, 2.5, 0.2, 0.5, 1, 9.634195885193959
1000, 2.5, 0.2, 0.75, 0, 4.427249004503149
1000, 2.5, 0.2, 0.75, 1, 22.988821207100337
1000, 2.5, 0.2, 1, 0, 4.087226040189218
1000, 2.5, 0.2, 1, 1, 15.969206464855915
1000, 3.75, 0, 0.01, 0, 3.9294970641122373
1000, 3.75, 0, 0.01, 1, 12.135306556914891
1000, 3.75, 0, 0.05, 0, 3.787849738970262
1000, 3.75, 0, 0.05, 1, 12.055452799909022
1000, 3.75, 0, 0.1, 0, 3.8820265943149086
1000, 3.75, 0, 0.1, 1, 12.284902187473833
1000, 3.75, 0, 0.25, 0, 3.851862276290322
1000, 3.75, 0, 0.25, 1, 14.394082439841721
1000, 3.75, 0, 0.5, 0, 3.792319954632378
1000, 3.75, 0, 0.5, 1, 15.142033942799722
1000, 3.75, 0, 0.75, 0, 3.887736627435718
1000, 3.75, 0, 0.75, 1, 13.821586033324605
1000, 3.75, 0, 1, 0, 3.9483083414859075
1000, 3.75, 0, 1, 1, 40.70145587548682
1000, 3.75, 0.01, 0.01, 0, 3.7623359954922027
1000, 3.75, 0.01, 0.01, 1, 13.892320508915786
1000, 3.75, 0.01, 0.05, 0, 4.093309951572395
1000, 3.75, 0.01, 0.05, 1, 13.194538757183423
1000, 3.75, 0.01, 0.1, 0, 3.9282190190232424
1000, 3.75, 0.01, 0.1, 1, 12.314519416368437
1000, 3.75, 0.01, 0.25, 0, 3.9726240433347164
1000, 3.75, 0.01, 0.25, 1, 21.42861287011476
1000, 3.75, 0.01, 0.5, 0, 3.7524609287291577
1000, 3.75, 0.01, 0.5, 1, 12.527810787836644
1000, 3.75, 0.01, 0.75, 0, 3.9838070769266802
1000, 3.75, 0.01, 0.75, 1, -71.79160869528422
1000, 3.75, 0.01, 1, 0, 3.8721338541799253
1000, 3.75, 0.01, 1, 1, 29.091642101212585
1000, 3.75, 0.02, 0.01, 0, 3.8617932581703887
1000, 3.75, 0.02, 0.01, 1, 10.520372873543147
1000, 3.75, 0.02, 0.05, 0, 3.8332843011668642
1000, 3.75, 0.02, 0.05, 1, 11.409656618606968
1000, 3.75, 0.02, 0.1, 0, 4.060458415889797
1000, 3.75, 0.02, 0.1, 1, 16.542439958754223
1000, 3.75, 0.02, 0.25, 0, 3.761324546476052
1000, 3.75, 0.02, 0.25, 1, 21.48074750272762
1000, 3.75, 0.02, 0.5, 0, 3.8463286563827435
1000, 3.75, 0.02, 0.5, 1, 10.033529322732145
1000, 3.75, 0.02, 0.75, 0, 3.9386781452438377
1000, 3.75, 0.02, 0.75, 1, -78.81958842908818
1000, 3.75, 0.02, 1, 0, 3.769697481604584
1000, 3.75, 0.02, 1, 1, 33.33017883492407
1000, 3.75, 0.03, 0.01, 0, 3.917322035371183
1000, 3.75, 0.03, 0.01, 1, 10.242068067369638
1000, 3.75, 0.03, 0.05, 0, 3.84636493741165
1000, 3.75, 0.03, 0.05, 1, 15.48771520285029
1000, 3.75, 0.03, 0.1, 0, 3.7620019345843394
1000, 3.75, 0.03, 0.1, 1, 9.913879086010212
1000, 3.75, 0.03, 0.25, 0, 3.911696425249471
1000, 3.75, 0.03, 0.25, 1, 48.786997016813785
1000, 3.75, 0.03, 0.5, 0, 3.9036435892211454
1000, 3.75, 0.03, 0.5, 1, 20.012582069721752
1000, 3.75, 0.03, 0.75, 0, 4.1428016430931685
1000, 3.75, 0.03, 0.75, 1, 11.5981313192528
1000, 3.75, 0.03, 1, 0, 4.143351593377243
1000, 3.75, 0.03, 1, 1, 10.807231132248038
1000, 3.75, 0.04, 0.01, 0, 3.8064983212498857
1000, 3.75, 0.04, 0.01, 1, 92.47132623283248
1000, 3.75, 0.04, 0.05, 0, 3.7852287689708812
1000, 3.75, 0.04, 0.05, 1, 32.599183886709575
1000, 3.75, 0.04, 0.1, 0, 3.839042696867349
1000, 3.75, 0.04, 0.1, 1, 18.750792122993662
1000, 3.75, 0.04, 0.25, 0, 3.987114880855435
1000, 3.75, 0.04, 0.25, 1, 16.84479187769746
1000, 3.75, 0.04, 0.5, 0, 3.890920820433735
1000, 3.75, 0.04, 0.5, 1, 36.9979480015174
1000, 3.75, 0.04, 0.75, 0, 3.79561180360929
1000, 3.75, 0.04, 0.75, 1, 9.399092867504628
1000, 3.75, 0.04, 1, 0, 4.108337753937732
1000, 3.75, 0.04, 1, 1, 15.73573678635032
1000, 3.75, 0.05, 0.01, 0, 3.7964504014179923
1000, 3.75, 0.05, 0.01, 1, 247.05121167454774
1000, 3.75, 0.05, 0.05, 0, 3.8829064141024316
1000, 3.75, 0.05, 0.05, 1, 9.222690243415645
1000, 3.75, 0.05, 0.1, 0, 3.9509651044637963
1000, 3.75, 0.05, 0.1, 1, 402.4540893411109
1000, 3.75, 0.05, 0.25, 0, 3.9560022185207
1000, 3.75, 0.05, 0.25, 1, 11.148073277971871
1000, 3.75, 0.05, 0.5, 0, 3.820530449972992
1000, 3.75, 0.05, 0.5, 1, 37.566668808642724
1000, 3.75, 0.05, 0.75, 0, 3.8706523117615528
1000, 3.75, 0.05, 0.75, 1, 11.444154123258519
1000, 3.75, 0.05, 1, 0, 3.9427133948116095
1000, 3.75, 0.05, 1, 1, 12.337897781428156
1000, 3.75, 0.06, 0.01, 0, 3.8699802601294606
1000, 3.75, 0.06, 0.01, 1, 18.23871568006081
1000, 3.75, 0.06, 0.05, 0, 3.9322037598090467
1000, 3.75, 0.06, 0.05, 1, 16.162259595102725
1000, 3.75, 0.06, 0.1, 0, 3.842152036001246
1000, 3.75, 0.06, 0.1, 1, 14.038444781988407
1000, 3.75, 0.06, 0.25, 0, 4.003630819060979
1000, 3.75, 0.06, 0.25, 1, 22.258317691568994
1000, 3.75, 0.06, 0.5, 0, 4.038751136398981
1000, 3.75, 0.06, 0.5, 1, 24.15943056331287
1000, 3.75, 0.06, 0.75, 0, 3.9507721156054374
1000, 3.75, 0.06, 0.75, 1, 9.095182960149389
1000, 3.75, 0.06, 1, 0, 3.9958744900290943
1000, 3.75, 0.06, 1, 1, 20.655352081006995
1000, 3.75, 0.07, 0.01, 0, 3.772768463836434
1000, 3.75, 0.07, 0.01, 1, 11.592174947298025
1000, 3.75, 0.07, 0.05, 0, 3.925767465556286
1000, 3.75, 0.07, 0.05, 1, 15.225490900881335
1000, 3.75, 0.07, 0.1, 0, 3.9418902381849334
1000, 3.75, 0.07, 0.1, 1, 21.825925989225926
1000, 3.75, 0.07, 0.25, 0, 3.8892382287011187
1000, 3.75, 0.07, 0.25, 1, 19.985003672247647
1000, 3.75, 0.07, 0.5, 0, 3.9314183841690418
1000, 3.75, 0.07, 0.5, 1, 15.893898668804892
1000, 3.75, 0.07, 0.75, 0, 3.9367907696754725
1000, 3.75, 0.07, 0.75, 1, 25.475765079015876
1000, 3.75, 0.07, 1, 0, 4.130889660700772
1000, 3.75, 0.07, 1, 1, 10.770353600067072
1000, 3.75, 0.08, 0.01, 0, 3.9398307302273827
1000, 3.75, 0.08, 0.01, 1, 12.493750239864358
1000, 3.75, 0.08, 0.05, 0, 3.8784215005021507
1000, 3.75, 0.08, 0.05, 1, 14.903606743411961
1000, 3.75, 0.08, 0.1, 0, 3.8732721154791445
1000, 3.75, 0.08, 0.1, 1, 3379.9132983724407
1000, 3.75, 0.08, 0.25, 0, 3.9034361086750535
1000, 3.75, 0.08, 0.25, 1, 15.883133941467184
1000, 3.75, 0.08, 0.5, 0, 3.9369098436644374
1000, 3.75, 0.08, 0.5, 1, 10.033089939646697
1000, 3.75, 0.08, 0.75, 0, 4.093251958096476
1000, 3.75, 0.08, 0.75, 1, 13.717445637475203
1000, 3.75, 0.08, 1, 0, 3.9366371097063344
1000, 3.75, 0.08, 1, 1, 12.39677242554226
1000, 3.75, 0.09, 0.01, 0, 3.8203572734337476
1000, 3.75, 0.09, 0.01, 1, 13.177089202527664
1000, 3.75, 0.09, 0.05, 0, 3.733536531204304
1000, 3.75, 0.09, 0.05, 1, 14.297907243492713
1000, 3.75, 0.09, 0.1, 0, 3.9100963391683354
1000, 3.75, 0.09, 0.1, 1, 12.779686891065676
1000, 3.75, 0.09, 0.25, 0, 4.0266938376411
1000, 3.75, 0.09, 0.25, 1, 14.689002869131677
1000, 3.75, 0.09, 0.5, 0, 3.8866995570158656
1000, 3.75, 0.09, 0.5, 1, 24.47906269158382
1000, 3.75, 0.09, 0.75, 0, 3.9367808057207174
1000, 3.75, 0.09, 0.75, 1, 12.356325552723309
1000, 3.75, 0.09, 1, 0, 4.077312007836881
1000, 3.75, 0.09, 1, 1, 12.281499155011849
1000, 3.75, 0.1, 0.01, 0, 3.864295035321528
1000, 3.75, 0.1, 0.01, 1, 22.102926068213343
1000, 3.75, 0.1, 0.05, 0, 3.77291303442034
1000, 3.75, 0.1, 0.05, 1, 16.43428473136722
1000, 3.75, 0.1, 0.1, 0, 3.8878542570101695
1000, 3.75, 0.1, 0.1, 1, 16.65506963230088
1000, 3.75, 0.1, 0.25, 0, 4.0332117360996875
1000, 3.75, 0.1, 0.25, 1, 17.213870192765828
1000, 3.75, 0.1, 0.5, 0, 3.8437483373999077
1000, 3.75, 0.1, 0.5, 1, 27.9826519231803
1000, 3.75, 0.1, 0.75, 0, 4.2235095851498015
1000, 3.75, 0.1, 0.75, 1, 23.476184574281692
1000, 3.75, 0.1, 1, 0, 4.1061281346377525
1000, 3.75, 0.1, 1, 1, 8.448971769178081
1000, 3.75, 0.15, 0.01, 0, 3.827094551595504
1000, 3.75, 0.15, 0.01, 1, 13.39023867091437
1000, 3.75, 0.15, 0.05, 0, 3.791115037039765
1000, 3.75, 0.15, 0.05, 1, 61.811351061704016
1000, 3.75, 0.15, 0.1, 0, 3.8853160432377187
1000, 3.75, 0.15, 0.1, 1, 18.786079881831796
1000, 3.75, 0.15, 0.25, 0, 3.9235180966123253
1000, 3.75, 0.15, 0.25, 1, 30.73007954722012
1000, 3.75, 0.15, 0.5, 0, 4.065354691596435
1000, 3.75, 0.15, 0.5, 1, 38.1693310356522
1000, 3.75, 0.15, 0.75, 0, 4.1409307800573085
1000, 3.75, 0.15, 0.75, 1, 14.223679109042578
1000, 3.75, 0.15, 1, 0, 4.105264529939264
1000, 3.75, 0.15, 1, 1, 9.938777246304362
1000, 3.75, 0.2, 0.01, 0, 3.7876931939804157
1000, 3.75, 0.2, 0.01, 1, 7.993557405402695
1000, 3.75, 0.2, 0.05, 0, 3.8500876672668856
1000, 3.75, 0.2, 0.05, 1, 11.331415394232154
1000, 3.75, 0.2, 0.1, 0, 3.9213593767959325
1000, 3.75, 0.2, 0.1, 1, 10.260021624949212
1000, 3.75, 0.2, 0.25, 0, 3.883973080567153
1000, 3.75, 0.2, 0.25, 1, 13.970654979692606
1000, 3.75, 0.2, 0.5, 0, 3.8985357021002986
1000, 3.75, 0.2, 0.5, 1, 28.6246784640459
1000, 3.75, 0.2, 0.75, 0, 3.9807362147690566
1000, 3.75, 0.2, 0.75, 1, 29.779154751667686
1000, 3.75, 0.2, 1, 0, 4.146274512407754
1000, 3.75, 0.2, 1, 1, 8.060669743798796
1000, 5, 0, 0.01, 0, 4.046841229419901
1000, 5, 0, 0.01, 1, 33.449748344603385
1000, 5, 0, 0.05, 0, 3.9124079166959884
1000, 5, 0, 0.05, 1, 11.876002546814217
1000, 5, 0, 0.1, 0, 3.88194219842319
1000, 5, 0, 0.1, 1, 9.83180793781001
1000, 5, 0, 0.25, 0, 3.8941007637908953
1000, 5, 0, 0.25, 1, 10.055076196546889
1000, 5, 0, 0.5, 0, 3.768333382579224
1000, 5, 0, 0.5, 1, 11.361706722917965
1000, 5, 0, 0.75, 0, 4.016683551850137
1000, 5, 0, 0.75, 1, 10.773504159585862
1000, 5, 0, 1, 0, 3.7733151590390523
1000, 5, 0, 1, 1, 9.306151772070558
1000, 5, 0.01, 0.01, 0, 3.826032682593683
1000, 5, 0.01, 0.01, 1, 47.136456031363174
1000, 5, 0.01, 0.05, 0, 3.8689783977784855
1000, 5, 0.01, 0.05, 1, 9.586002775071746
1000, 5, 0.01, 0.1, 0, 3.8308241098475286
1000, 5, 0.01, 0.1, 1, 10.116170870342321
1000, 5, 0.01, 0.25, 0, 3.729756183648365
1000, 5, 0.01, 0.25, 1, 24.368510911447938
1000, 5, 0.01, 0.5, 0, 3.9097523792103095
1000, 5, 0.01, 0.5, 1, 9.87900908244477
1000, 5, 0.01, 0.75, 0, 3.830406952302297
1000, 5, 0.01, 0.75, 1, 13.577468302817882
1000, 5, 0.01, 1, 0, 3.7895765770226126
1000, 5, 0.01, 1, 1, 8.580294515828161
1000, 5, 0.02, 0.01, 0, 3.7942718663916755
1000, 5, 0.02, 0.01, 1, 23.641394938480968
1000, 5, 0.02, 0.05, 0, 3.71220117157557
1000, 5, 0.02, 0.05, 1, 10.696895691336584
1000, 5, 0.02, 0.1, 0, 3.9803954776726904
1000, 5, 0.02, 0.1, 1, 9.98275477372047
1000, 5, 0.02, 0.25, 0, 3.965839811958491
1000, 5, 0.02, 0.25, 1, 19.58512819216701
1000, 5, 0.02, 0.5, 0, 4.133069909874597
1000, 5, 0.02, 0.5, 1, 8.44088918790694
1000, 5, 0.02, 0.75, 0, 3.7149316998577424
1000, 5, 0.02, 0.75, 1, 19.218967693905448
1000, 5, 0.02, 1, 0, 3.7959138781387534
1000, 5, 0.02, 1, 1, 9.340169384914946
1000, 5, 0.03, 0.01, 0, 3.9381403424481074
1000, 5, 0.03, 0.01, 1, 17.13458775494279
1000, 5, 0.03, 0.05, 0, 3.8348208935746033
1000, 5, 0.03, 0.05, 1, 14.000012563013387
1000, 5, 0.03, 0.1, 0, 3.767961806798316
1000, 5, 0.03, 0.1, 1, 9.611186839958425
1000, 5, 0.03, 0.25, 0, 3.7671730443254448
1000, 5, 0.03, 0.25, 1, 14.586067719500312
1000, 5, 0.03, 0.5, 0, 3.830216223984519
1000, 5, 0.03, 0.5, 1, 20.710672456621218
1000, 5, 0.03, 0.75, 0, 3.8409582971985645
1000, 5, 0.03, 0.75, 1, 18.50059532302597
1000, 5, 0.03, 1, 0, 3.8583986006517548
1000, 5, 0.03, 1, 1, 10.196543807002277
1000, 5, 0.04, 0.01, 0, 3.8557357799691663
1000, 5, 0.04, 0.01, 1, 9.63807979870854
1000, 5, 0.04, 0.05, 0, 3.856308930641837
1000, 5, 0.04, 0.05, 1, 12.171751400871328
1000, 5, 0.04, 0.1, 0, 3.8954769050648896
1000, 5, 0.04, 0.1, 1, 10.199808690395825
1000, 5, 0.04, 0.25, 0, 3.8779499165788756
1000, 5, 0.04, 0.25, 1, 9.22890378060566
1000, 5, 0.04, 0.5, 0, 4.051030954790101
1000, 5, 0.04, 0.5, 1, 24.300299409761084
1000, 5, 0.04, 0.75, 0, 3.920720573139004
1000, 5, 0.04, 0.75, 1, 10.777121422695588
1000, 5, 0.04, 1, 0, 3.976793590519254
1000, 5, 0.04, 1, 1, 12.779276073764393
1000, 5, 0.05, 0.01, 0, 3.9111236868325774
1000, 5, 0.05, 0.01, 1, 8.20014283985674
1000, 5, 0.05, 0.05, 0, 3.9041682876161405
1000, 5, 0.05, 0.05, 1, 43.940891825080534
1000, 5, 0.05, 0.1, 0, 3.7422270832974776
1000, 5, 0.05, 0.1, 1, 11.261194328355238
1000, 5, 0.05, 0.25, 0, 3.812884482586955
1000, 5, 0.05, 0.25, 1, 9.28546157437837
1000, 5, 0.05, 0.5, 0, 3.950048295661809
1000, 5, 0.05, 0.5, 1, 12.386953629343983
1000, 5, 0.05, 0.75, 0, 3.7673486663755633
1000, 5, 0.05, 0.75, 1, 15.582213362343127
1000, 5, 0.05, 1, 0, 3.9940571010624515
1000, 5, 0.05, 1, 1, 15.376607049624488
1000, 5, 0.06, 0.01, 0, 3.875424998526193
1000, 5, 0.06, 0.01, 1, 9.289321669728398
1000, 5, 0.06, 0.05, 0, 3.9983559253389407
1000, 5, 0.06, 0.05, 1, 14.200566286860774
1000, 5, 0.06, 0.1, 0, 3.931286883107739
1000, 5, 0.06, 0.1, 1, 12.244277194398665
1000, 5, 0.06, 0.25, 0, 4.026748627073921
1000, 5, 0.06, 0.25, 1, 20.1799556716605
1000, 5, 0.06, 0.5, 0, 3.78569025537999
1000, 5, 0.06, 0.5, 1, 16.393705992230206
1000, 5, 0.06, 0.75, 0, 3.9206551270175463
1000, 5, 0.06, 0.75, 1, 9.342035519053011
1000, 5, 0.06, 1, 0, 3.969056531314224
1000, 5, 0.06, 1, 1, 28.825525783843556
1000, 5, 0.07, 0.01, 0, 3.725479757275801
1000, 5, 0.07, 0.01, 1, 8.071895729186284
1000, 5, 0.07, 0.05, 0, 3.815715767432511
1000, 5, 0.07, 0.05, 1, 11.197295456289051
1000, 5, 0.07, 0.1, 0, 3.8271353422851506
1000, 5, 0.07, 0.1, 1, 12.755841556882654
1000, 5, 0.07, 0.25, 0, 3.689998010655496
1000, 5, 0.07, 0.25, 1, 14.677612622414186
1000, 5, 0.07, 0.5, 0, 3.8805568766825096
1000, 5, 0.07, 0.5, 1, 10.023744411457358
1000, 5, 0.07, 0.75, 0, 3.8718637987606863
1000, 5, 0.07, 0.75, 1, 12.452167602677592
1000, 5, 0.07, 1, 0, 3.9249869394719563
1000, 5, 0.07, 1, 1, 13.33293976973712
1000, 5, 0.08, 0.01, 0, 3.780594337398163
1000, 5, 0.08, 0.01, 1, 12.527192658275105
1000, 5, 0.08, 0.05, 0, 3.8969903777971613
1000, 5, 0.08, 0.05, 1, 18.484273367290996
1000, 5, 0.08, 0.1, 0, 3.90888052401729
1000, 5, 0.08, 0.1, 1, 14.404932442547297
1000, 5, 0.08, 0.25, 0, 3.848560593406756
1000, 5, 0.08, 0.25, 1, 12.624906032169745
1000, 5, 0.08, 0.5, 0, 3.954453967876497
1000, 5, 0.08, 0.5, 1, 10.00854967236697
1000, 5, 0.08, 0.75, 0, 4.020721612381555
1000, 5, 0.08, 0.75, 1, 9.973686964896354
1000, 5, 0.08, 1, 0, 3.9482128354405077
1000, 5, 0.08, 1, 1, 8.629899296018907
1000, 5, 0.09, 0.01, 0, 3.84591794495361
1000, 5, 0.09, 0.01, 1, 24.325570825954173
1000, 5, 0.09, 0.05, 0, 3.8830204641272736
1000, 5, 0.09, 0.05, 1, 11.446220247952496
1000, 5, 0.09, 0.1, 0, 3.9393672807877063
1000, 5, 0.09, 0.1, 1, 15.637424171375567
1000, 5, 0.09, 0.25, 0, 3.842647896467268
1000, 5, 0.09, 0.25, 1, 12.765295713513792
1000, 5, 0.09, 0.5, 0, 4.110532917140026
1000, 5, 0.09, 0.5, 1, 14.98588240275515
1000, 5, 0.09, 0.75, 0, 4.0315178992594465
1000, 5, 0.09, 0.75, 1, 8.691098596088233
1000, 5, 0.09, 1, 0, 4.218783780939906
1000, 5, 0.09, 1, 1, 8.588837720339306
1000, 5, 0.1, 0.01, 0, 3.810567568007315
1000, 5, 0.1, 0.01, 1, 18.943110284217976
1000, 5, 0.1, 0.05, 0, 3.865169368688364
1000, 5, 0.1, 0.05, 1, 13.338016983930041
1000, 5, 0.1, 0.1, 0, 3.8567529428062204
1000, 5, 0.1, 0.1, 1, 11.269056468529953
1000, 5, 0.1, 0.25, 0, 3.740569230162109
1000, 5, 0.1, 0.25, 1, 13.496376121810911
1000, 5, 0.1, 0.5, 0, 4.016981971944804
1000, 5, 0.1, 0.5, 1, 9.62709293863954
1000, 5, 0.1, 0.75, 0, 4.00563382925331
1000, 5, 0.1, 0.75, 1, 9.562211741179485
1000, 5, 0.1, 1, 0, 4.02437806847411
1000, 5, 0.1, 1, 1, 16.83505108096422
1000, 5, 0.15, 0.01, 0, 3.702438665333549
1000, 5, 0.15, 0.01, 1, 11.0427141892868
1000, 5, 0.15, 0.05, 0, 3.7420086871520244
1000, 5, 0.15, 0.05, 1, 15.250929471832361
1000, 5, 0.15, 0.1, 0, 4.103094704353675
1000, 5, 0.15, 0.1, 1, 29.472464192244825
1000, 5, 0.15, 0.25, 0, 3.8836970776062003
1000, 5, 0.15, 0.25, 1, 11.432801195701742
1000, 5, 0.15, 0.5, 0, 3.856539092139742
1000, 5, 0.15, 0.5, 1, 178.71955501332306
1000, 5, 0.15, 0.75, 0, 3.773906026389361
1000, 5, 0.15, 0.75, 1, 14.232706238226886
1000, 5, 0.15, 1, 0, 4.03306419751968
1000, 5, 0.15, 1, 1, 8.07459099622831
1000, 5, 0.2, 0.01, 0, 3.8289711499033325
1000, 5, 0.2, 0.01, 1, 13.765928618479947
1000, 5, 0.2, 0.05, 0, 3.75989819995065
1000, 5, 0.2, 0.05, 1, 8.172076260843236
1000, 5, 0.2, 0.1, 0, 3.810402258252121
1000, 5, 0.2, 0.1, 1, 9.484512319163766
1000, 5, 0.2, 0.25, 0, 3.8339672260079465
1000, 5, 0.2, 0.25, 1, 14.603341385296488
1000, 5, 0.2, 0.5, 0, 3.8607261973802283
1000, 5, 0.2, 0.5, 1, 15.765786266403312
1000, 5, 0.2, 0.75, 0, 4.0161953677857944
1000, 5, 0.2, 0.75, 1, 14.498169479748505
1000, 5, 0.2, 1, 0, 4.22050591301249
1000, 5, 0.2, 1, 1, 82.62141478356007
