block1, (68607.78211116791, 8388.22230836364), (543.8069801330566, 112.56085914330414), (6.875586506612952, 0.011379632490810112), (5.569419784633919, 0.13012810560819266),  (38.63648356177738, 7.437419135070529)
0.7011
block2, (81796.66295585633, 8569.258471518879), (523.3790103912354, 126.83710438664968), (6.876409748528852, 0.010297609116918849), (5.3520165681480805, 0.16532440672628745),  (31.765748875349523, 4.35946528479981)
0.7011
block3, (76164.42051296234, 12591.724854426977), (577.2098798751831, 267.8256466270776), (6.869285737673844, 0.009984122459130185), (5.261319561486422, 0.2481149002975687),  (37.69598950171679, 24.36999788592394)
0.7011
block4, (43169.826063251494, 11141.040808716994), (465.2306211471558, 333.41595107783934), (6.854306299923285, 0.009456278325355035), (5.325976524523302, 0.3190672654603906),  (20.508144368572566, 29.92317698240652)
0.7011
block5, (10142.307953339816, 4453.595047498051), (288.66337871551514, 162.758447940748), (6.77646761621403, 0.05226328337496703), (5.755860743646967, 0.15246728792528164),  (9.679290244521408, 1.01253586761889)
0.7011
block6, (6914.7821325957775, 2928.9783935674345), (188.86657860279084, 104.79007761406108), (6.758839880625663, 0.0570931528728566), (5.667913713073551, 0.15015878118880505),  (8.851292086360264, 0.9128702216643328)
0.7011
block7, (2549.1996916264297, 725.5319026313579), (88.95811458230018, 27.986825253644678), (6.78065417166687, 0.04225909645859469), (5.779542630612287, 0.0914533246382195),  (6.6830104136621955, 0.6403247290352919)
0.7011
block8, (1726.3518579348922, 251.70674240705094), (112.36140090227127, 23.383122599478757), (6.69564067658349, 0.0483922845053061), (5.672173803928696, 0.11541109125216685),  (3.9747964543707903, 0.29942042453431766)
0.7011

block1, (64382.00299940109, 8178.982275244425), (579.8702350616455, 121.36794178661796), (6.87390753021257, 0.012383711809039522), (5.648881746780548, 0.18259035641914775),  (14.003837798457301, 82.77150682231235)
0.6247999999999999
block2, (72267.36686820984, 6662.8635050326775), (543.1370168685913, 104.18899427270284), (6.87410813522343, 0.011934167330208625), (5.438966671787562, 0.11575772559458533),  (42.70791350812959, 28.50745829502381)
0.6247999999999999
block3, (56211.133328437805, 8761.357740334865), (459.4423635482788, 179.82437965519782), (6.8652035493513655, 0.011841327635279897), (5.301283812246555, 0.2591513845735661),  (29.27413275060046, 6.399875165892184)
0.6247999999999999
block4, (32944.90562229157, 5037.278415166234), (319.7790366172791, 167.91045389183225), (6.860767407677652, 0.008686110276780984), (5.271289142711531, 0.2405578034987535),  (24.21902731750793, 4.015119109051072)
0.6247999999999999
block5, (6640.12315546386, 2390.5708542422003), (187.76780361533164, 89.23447270602387), (6.73945774542879, 0.11179988390846855), (5.641202450845734, 0.18059649332190753),  (8.51666467508565, 0.8100039463255996)
0.6247999999999999
block6, (5259.119103422982, 1739.820306217908), (148.14021023884416, 64.1580413534896), (6.727065882058125, 0.1024854751627919), (5.588489478980387, 0.1524926001440055),  (7.874379086173041, 0.7346764466797407)
0.6247999999999999
block7, (2087.0837610542308, 447.0357620384705), (76.6937742099166, 17.917880922055385), (6.764087351924443, 0.06844778018939805), (5.736941838384355, 0.09940299812469497),  (6.472477293663914, 0.7376205641411395)
0.6247999999999999
block8, (1536.2158256531693, 147.6584894332887), (99.98328370302916, 13.733503720316246), (6.700480438521732, 0.04858459003474186), (5.648845069014779, 0.13482569544173026),  (4.047701796707274, 0.31553969613900235)
0.6247999999999999
