100, 3, 0.1, mnist, 64, SGD, 0.9958166666666667, 0.9778, 0, 1, 2.497020618123143
100, 3, 0.1, mnist, 64, SGD, 0.9958166666666667, 0.9778, 1, 1, nan
100, 3, 0.1, mnist, 100, SGD, 0.9988166677951813, 0.9793000042438507, 0, 1, 1.591182936313494
100, 3, 0.1, mnist, 100, SGD, 0.9988166677951813, 0.9793000042438507, 1, 1, nan
100, 3, 0.1, mnist, 200, SGD, 0.9999166667461395, 0.980800005197525, 0, 1, 1.4271299081019009
100, 3, 0.1, mnist, 200, SGD, 0.9999166667461395, 0.980800005197525, 1, 1, nan
100, 5, 0.1, mnist, 64, SGD, 0.9918166666666667, 0.9765, 0, 1, 2.662378697704531
100, 5, 0.1, mnist, 64, SGD, 0.9918166666666667, 0.9765, 1, 1, nan
100, 5, 0.1, mnist, 100, SGD, 0.9971333359678586, 0.9774000054597854, 0, 1, 2.19556034243617
100, 5, 0.1, mnist, 100, SGD, 0.9971333359678586, 0.9774000054597854, 1, 1, nan
100, 5, 0.1, mnist, 200, SGD, 0.9979000020027161, 0.9770000052452087, 0, 1, 2.354388728569164
100, 5, 0.1, mnist, 200, SGD, 0.9979000020027161, 0.9770000052452087, 1, 1, -1.7015393636583516
100, 7, 0.1, mnist, 64, SGD, 0.9885166666666667, 0.9728, 0, 1, 2.813653848992743
100, 7, 0.1, mnist, 64, SGD, 0.9885166666666667, 0.9728, 1, 1, -1.4768807187255966
100, 7, 0.1, mnist, 100, SGD, 0.9907833408315977, 0.9709000039100647, 0, 1, 2.2288563564278103
100, 7, 0.1, mnist, 100, SGD, 0.9907833408315977, 0.9709000039100647, 1, 1, -2.1314741540443247
100, 7, 0.1, mnist, 200, SGD, 0.9989000010490418, 0.9732000064849854, 0, 1, 1.9191849903771407
100, 7, 0.1, mnist, 200, SGD, 0.9989000010490418, 0.9732000064849854, 1, 1, nan
100, 9, 0.1, mnist, 64, SGD, 0.9809666666666667, 0.9686, 0, 1, 2.8308290122891053
100, 9, 0.1, mnist, 64, SGD, 0.9809666666666667, 0.9686, 1, 1, nan
100, 9, 0.1, mnist, 100, SGD, 0.9811000095804533, 0.9682000052928924, 0, 1, 2.8719930360916557
100, 9, 0.1, mnist, 100, SGD, 0.9811000095804533, 0.9682000052928924, 1, 1, nan
100, 9, 0.1, mnist, 200, SGD, 0.9925500069061916, 0.973800003528595, 0, 1, 2.103788113173367
100, 9, 0.1, mnist, 200, SGD, 0.9925500069061916, 0.973800003528595, 1, 1, nan
200, 3, 0.1, mnist, 64, SGD, 0.9975666666666667, 0.9811, 0, 1, 2.1235098178785794
200, 3, 0.1, mnist, 64, SGD, 0.9975666666666667, 0.9811, 1, 1, -2.684443786856598
200, 3, 0.1, mnist, 100, SGD, 0.9996666669845581, 0.9814000052213668, 0, 1, 1.9884905930155103
200, 3, 0.1, mnist, 100, SGD, 0.9996666669845581, 0.9814000052213668, 1, 1, nan
200, 3, 0.1, mnist, 200, SGD, 0.9999666666984558, 0.9809000074863434, 0, 1, 1.6008338146902348
200, 3, 0.1, mnist, 200, SGD, 0.9999666666984558, 0.9809000074863434, 1, 1, nan
200, 5, 0.1, mnist, 64, SGD, 0.9925333333333334, 0.9756, 0, 1, 2.080717344927162
200, 5, 0.1, mnist, 64, SGD, 0.9925333333333334, 0.9756, 1, 1, nan
200, 5, 0.1, mnist, 100, SGD, 0.9972500026226043, 0.9803000068664551, 0, 1, 2.368806832718072
200, 5, 0.1, mnist, 100, SGD, 0.9972500026226043, 0.9803000068664551, 1, 1, nan
200, 5, 0.1, mnist, 200, SGD, 1.0, 0.9811000096797943, 0, 1, 1.4896722825468074
200, 5, 0.1, mnist, 200, SGD, 1.0, 0.9811000096797943, 1, 1, nan
200, 7, 0.1, mnist, 64, SGD, 0.99055, 0.9729, 0, 1, 1.9664641163916117
200, 7, 0.1, mnist, 64, SGD, 0.99055, 0.9729, 1, 1, nan
200, 7, 0.1, mnist, 100, SGD, 0.9976666688919067, 0.9789000064134598, 0, 1, 2.295609263775774
200, 7, 0.1, mnist, 100, SGD, 0.9976666688919067, 0.9789000064134598, 1, 1, nan
200, 7, 0.1, mnist, 200, SGD, 0.9999500000476838, 0.9791000080108643, 0, 1, 1.3995743098775268
200, 7, 0.1, mnist, 200, SGD, 0.9999500000476838, 0.9791000080108643, 1, 1, nan
200, 9, 0.1, mnist, 64, SGD, 0.9898333333333333, 0.9769, 0, 1, 2.423032337452593
200, 9, 0.1, mnist, 64, SGD, 0.9898333333333333, 0.9769, 1, 1, nan
200, 9, 0.1, mnist, 100, SGD, 0.9907500075300535, 0.975500009059906, 0, 1, 1.8751395227506327
200, 9, 0.1, mnist, 100, SGD, 0.9907500075300535, 0.975500009059906, 1, 1, nan
200, 9, 0.1, mnist, 200, SGD, 0.9943333385388057, 0.9719000005722046, 0, 1, 3.3367526589207395
200, 9, 0.1, mnist, 200, SGD, 0.9943333385388057, 0.9719000005722046, 1, 1, nan
200, 3, 0.01, mnist, 64, SGD, 0.973, 0.9673, 0, 1, 1.6021790310865367
200, 3, 0.01, mnist, 64, SGD, 0.973, 0.9673, 1, 1, nan
200, 3, 0.01, mnist, 100, SGD, 0.9744833423693975, 0.9679000049829483, 0, 1, 1.6468800857673012
200, 3, 0.01, mnist, 100, SGD, 0.9744833423693975, 0.9679000049829483, 1, 1, nan
200, 3, 0.01, mnist, 200, SGD, 0.9735500079393387, 0.9675999999046325, 0, 1, 1.3778533369473618
200, 3, 0.01, mnist, 200, SGD, 0.9735500079393387, 0.9675999999046325, 1, 1, nan
200, 5, 0.01, mnist, 64, SGD, 0.97295, 0.9635, 0, 1, 1.5831360765777098
200, 5, 0.01, mnist, 64, SGD, 0.97295, 0.9635, 1, 1, nan
200, 5, 0.01, mnist, 100, SGD, 0.9781166766087214, 0.9700000077486038, 0, 1, 1.2111916465814492
200, 5, 0.01, mnist, 100, SGD, 0.9781166766087214, 0.9700000077486038, 1, 1, nan
200, 5, 0.01, mnist, 200, SGD, 0.9793000113964081, 0.9671000027656556, 0, 1, 1.380748712428058
200, 5, 0.01, mnist, 200, SGD, 0.9793000113964081, 0.9671000027656556, 1, 1, nan
200, 7, 0.01, mnist, 64, SGD, 0.9711333333333333, 0.958, 0, 1, 1.577637465565294
200, 7, 0.01, mnist, 64, SGD, 0.9711333333333333, 0.958, 1, 1, nan
200, 7, 0.01, mnist, 100, SGD, 0.9788666760921478, 0.9622000032663345, 0, 1, 1.4927340890439813
200, 7, 0.01, mnist, 100, SGD, 0.9788666760921478, 0.9622000032663345, 1, 1, nan
200, 7, 0.01, mnist, 200, SGD, 0.9782500092188517, 0.962200003862381, 0, 1, 1.3818761763922451
200, 7, 0.01, mnist, 200, SGD, 0.9782500092188517, 0.962200003862381, 1, 1, nan
200, 3, 0.01, mnist, 64, Adam, 0.9615, 0.9511, 0, 1, 2.397276786227548
200, 3, 0.01, mnist, 64, Adam, 0.9615, 0.9511, 1, 1, nan
200, 3, 0.01, mnist, 100, Adam, 0.9745500074823698, 0.9595000046491623, 0, 1, 3.1843039104076563
200, 3, 0.01, mnist, 100, Adam, 0.9745500074823698, 0.9595000046491623, 1, 1, nan
200, 3, 0.01, mnist, 200, Adam, 0.9871166769663493, 0.971800000667572, 0, 1, 2.1509643560435956
200, 3, 0.01, mnist, 200, Adam, 0.9871166769663493, 0.971800000667572, 1, 1, nan
200, 5, 0.01, mnist, 64, Adam, 0.9590833333333333, 0.9521, 0, 1, 2.474451310835534
200, 5, 0.01, mnist, 64, Adam, 0.9590833333333333, 0.9521, 1, 1, nan
200, 5, 0.01, mnist, 100, Adam, 0.9536166698733965, 0.9408000022172928, 0, 1, 1.9617175613900666
200, 5, 0.01, mnist, 100, Adam, 0.9536166698733965, 0.9408000022172928, 1, 1, nan
200, 5, 0.01, mnist, 200, Adam, 0.9904833418130875, 0.9758000075817108, 0, 1, 1.9739619024015724
200, 5, 0.01, mnist, 200, Adam, 0.9904833418130875, 0.9758000075817108, 1, 1, nan
200, 7, 0.01, mnist, 64, Adam, 0.9331333333333334, 0.9306, 0, 1, 1.653188112280029
200, 7, 0.01, mnist, 64, Adam, 0.9331333333333334, 0.9306, 1, 1, nan
200, 7, 0.01, mnist, 100, Adam, 0.9316833356022834, 0.9277000004053115, 0, 1, 1.6505851252927344
200, 7, 0.01, mnist, 100, Adam, 0.9316833356022834, 0.9277000004053115, 1, 1, nan
200, 7, 0.01, mnist, 200, Adam, 0.9726166747013728, 0.965000001192093, 0, 1, 1.8487451320644086
200, 7, 0.01, mnist, 200, Adam, 0.9726166747013728, 0.965000001192093, 1, 1, nan
200, 3, 0.01, mnist, 64, RMSprop, 0.9599333333333333, 0.9515, 0, 1, 2.0229682040794046
200, 3, 0.01, mnist, 64, RMSprop, 0.9599333333333333, 0.9515, 1, 1, nan
200, 3, 0.01, mnist, 100, RMSprop, 0.9662000075976054, 0.9564000034332275, 0, 1, 1.7593466234250636
200, 3, 0.01, mnist, 100, RMSprop, 0.9662000075976054, 0.9564000034332275, 1, 1, nan
200, 3, 0.01, mnist, 200, RMSprop, 0.9840500118335088, 0.9687000000476838, 0, 1, 2.1900419828826707
200, 3, 0.01, mnist, 200, RMSprop, 0.9840500118335088, 0.9687000000476838, 1, 1, nan
200, 5, 0.01, mnist, 64, RMSprop, 0.9579666666666666, 0.949, 0, 1, 2.467009604352901
200, 5, 0.01, mnist, 64, RMSprop, 0.9579666666666666, 0.949, 1, 1, nan
200, 5, 0.01, mnist, 100, RMSprop, 0.9699666748444239, 0.9586000007390976, 0, 1, 2.4849669703253663
200, 5, 0.01, mnist, 100, RMSprop, 0.9699666748444239, 0.9586000007390976, 1, 1, nan
200, 5, 0.01, mnist, 200, RMSprop, 0.98263334552447, 0.9681000030040741, 0, 1, 3.215774475555955
200, 5, 0.01, mnist, 200, RMSprop, 0.98263334552447, 0.9681000030040741, 1, 1, nan
200, 7, 0.01, mnist, 64, RMSprop, 0.9212, 0.9141, 0, 1, 2.8031125235658183
200, 7, 0.01, mnist, 64, RMSprop, 0.9212, 0.9141, 1, 1, nan
200, 7, 0.01, mnist, 100, RMSprop, 0.7639666643738746, 0.7628999984264374, 0, 1, 2.48198241209335
200, 7, 0.01, mnist, 100, RMSprop, 0.7639666643738746, 0.7628999984264374, 1, 1, nan
200, 7, 0.01, mnist, 200, RMSprop, 0.9744333420197169, 0.963600002527237, 0, 1, 2.21154492858563
200, 7, 0.01, mnist, 200, RMSprop, 0.9744333420197169, 0.963600002527237, 1, 1, nan
200, 7, 0.1, cifar10, 1000, SGD, 1.0, 0.5080000013113022, 0, 1, 1.6895373880131428
200, 7, 0.1, cifar10, 1000, SGD, 1.0, 0.5080000013113022, 1, 1, nan
200, 7, 0.1, cifar10, 2000, SGD, 1.0, 0.5091000020503997, 0, 1, 1.5449153607954025
200, 7, 0.1, cifar10, 2000, SGD, 1.0, 0.5091000020503997, 1, 1, nan
200, 9, 0.1, cifar10, 1000, SGD, 1.0, 0.4871000021696091, 0, 1, 1.332622054552636
200, 9, 0.1, cifar10, 1000, SGD, 1.0, 0.4871000021696091, 1, 1, nan
