mnist_class0, False, geodesic, 100, 1300, (4905.109416246414; 0), (269.307368516922; 0), (6.874670638869676; 0), (6.529798540699706; 0), (12.928160580026713; 1.4054784980536397)
mnist_class1, False, geodesic, 100, 1300, (2533.6509523391724; 0), (116.27522456645966; 0), (6.988622462521294; 0), (6.260029940622062; 0), (10.313586910542224; 1.1119574762156246)
mnist_class2, False, geodesic, 100, 1300, (5879.905244112015; 0), (395.9707565307617; 0), (6.930165786190693; 0), (6.886746800208409; 0), (13.358263717322098; 0.8648387557284911)
mnist_class3, False, geodesic, 100, 1300, (5419.67013502121; 0), (312.9344425201416; 0), (6.906269762275845; 0), (6.8539861938215765; 0), (14.20775396478542; 0.7440401599251514)
mnist_class4, False, geodesic, 100, 1300, (4785.4549725055695; 0), (266.8479468822479; 0), (6.8756247444635985; 0), (6.598218831507556; 0), (12.52454881967419; 1.0495166823785318)
mnist_class5, False, geodesic, 100, 1300, (4847.5645208358765; 0), (262.7699809074402; 0), (6.782278953046713; 0), (6.572198469321333; 0), (14.025816186296026; 1.2802000315673012)
mnist_class6, False, geodesic, 100, 1300, (4628.817190170288; 0), (268.01494908332825; 0), (6.849727159458849; 0), (6.6012221558389195; 0), (12.084301461256869; 0.9793253362886879)
mnist_class7, False, geodesic, 100, 1300, (4354.0884301662445; 0), (215.33029413223267; 0), (6.910835246617549; 0), (6.518896298646249; 0), (11.97462124081122; 1.026026708798802)
mnist_class8, False, geodesic, 100, 1300, (5485.932500600815; 0), (316.2483329772949; 0), (6.870702649182101; 0), (6.79370218444023; 0), (14.485952647045874; 0.7920929649736236)
mnist_class9, False, geodesic, 100, 1300, (4519.791959524155; 0), (251.55680966377258; 0), (6.898796684481932; 0), (6.642671065740601; 0), (12.758638001764155; 1.8453188822474098)
mnist, False, geodesic, 100, 1300, (4735.998532152176; 862.3366566565309), (267.52561057806014; 68.42261577906855), (6.888769408710824; 0.051127763440059336), (6.625747048084665; 0.17530209730865343), (12.866164352952477; 1.1859362498008579)
