mnist_fgsm_0_AlexNetClass0_acc:0.996938775510204, False, geodesic, 100, 980, (15925.189519882202; 0.0), (874.1360473632812; 0.0), (6.874769539021703; 0.0), (6.530624756934208; 0.0), (12.441268373782666; 0.0)
mnist_fgsm_0.05_AlexNetClass0_acc:0.986734693877551, False, geodesic, 100, 980, (15694.556884765625; 0.0), (810.5808458328247; 0.0), (6.875692067897699; 0.0), (6.530708639756303; 0.0), (13.699789659726894; 0.0)
mnist_fgsm_0.1_AlexNetClass0_acc:0.9806122448979592, False, geodesic, 100, 980, (15875.941311836243; 0.0), (738.109094619751; 0.0), (6.877550601384321; 0.0), (6.5368622577342; 0.0), (14.386961725193299; 0.0)
mnist_fgsm_0.15_AlexNetClass0_acc:0.9591836734693877, False, geodesic, 100, 980, (16454.03537082672; 0.0), (669.4101982116699; 0.0), (6.879684733444431; 0.0), (6.565461281689861; 0.0), (16.074921466742214; 0.0)
mnist_fgsm_0.2_AlexNetClass0_acc:0.9071428571428571, False, geodesic, 100, 980, (17373.284279823303; 0.0), (597.885196685791; 0.0), (6.8815747090140515; 0.0), (6.571642994417479; 0.0), (18.546034691173354; 0.0)
mnist_fgsm_0.25_AlexNetClass0_acc:0.7571428571428571, False, geodesic, 100, 980, (18477.50174999237; 0.0), (550.4563140869141; 0.0), (6.882990630633406; 0.0), (6.592641487480468; 0.0), (23.453849201928907; 0.0)
mnist_fgsm_0.3_AlexNetClass0_acc:0.3663265306122449, False, geodesic, 100, 980, (19892.755838394165; 0.0), (535.0190582275391; 0.0), (6.88406140353274; 0.0), (6.63675697625288; 0.0), (27.347172124197197; 0.0)
mnist_fgsm_0_AlexNetClass1_acc:0.9920704845814978, False, geodesic, 100, 1135, (8225.10460138321; 0.0), (378.01156091690063; 0.0), (6.989013640799102; 0.0), (6.26203617257198; 0.0), (9.19764863991801; 0.0)
mnist_fgsm_0.05_AlexNetClass1_acc:0.9832599118942731, False, geodesic, 100, 1135, (8639.350004196167; 0.0), (360.67939043045044; 0.0), (6.9974529168300075; 0.0), (6.277723759340885; 0.0), (11.187402564134015; 0.0)
mnist_fgsm_0.1_AlexNetClass1_acc:0.9656387665198238, False, geodesic, 100, 1135, (9748.692449569702; 0.0), (350.4031810760498; 0.0), (7.009390953846555; 0.0), (6.345149877306696; 0.0), (13.432172888305013; 0.0)
mnist_fgsm_0.15_AlexNetClass1_acc:0.9488986784140969, False, geodesic, 100, 1135, (11311.109470844269; 0.0), (344.8604164123535; 0.0), (7.01804940995415; 0.0), (6.419200628393362; 0.0), (15.696944914844313; 0.0)
mnist_fgsm_0.2_AlexNetClass1_acc:0.8933920704845815, False, geodesic, 100, 1135, (13132.761737823486; 0.0), (359.14917945861816; 0.0), (7.023254918337594; 0.0), (6.48403902551882; 0.0), (19.604854922473006; 0.0)
mnist_fgsm_0.25_AlexNetClass1_acc:0.4149779735682819, False, geodesic, 100, 1135, (14975.010265350342; 0.0), (389.17884159088135; 0.0), (7.026114959082294; 0.0), (6.58361479155712; 0.0), (23.36312731169072; 0.0)
mnist_fgsm_0.3_AlexNetClass1_acc:0.007929515418502203, False, geodesic, 100, 1135, (17052.135440826416; 0.0), (439.00292587280273; 0.0), (7.027946839821503; 0.0), (6.641020768130186; 0.0), (25.742766294199544; 0.0)
mnist_fgsm_0_AlexNetClass2_acc:0.9844961240310077, False, geodesic, 100, 1032, (19088.16805076599; 0.0), (1285.1063385009766; 0.0), (6.930237781406557; 0.0), (6.886926229823725; 0.0), (13.276312023042758; 0.0)
mnist_fgsm_0.05_AlexNetClass2_acc:0.9612403100775194, False, geodesic, 100, 1032, (18503.471230506897; 0.0), (1182.3728580474854; 0.0), (6.930757026908212; 0.0), (6.872261079056622; 0.0), (14.166532852721238; 0.0)
mnist_fgsm_0.1_AlexNetClass2_acc:0.9137596899224806, False, geodesic, 100, 1032, (18336.47687149048; 0.0), (1073.4229497909546; 0.0), (6.931870800844792; 0.0), (6.874112203956857; 0.0), (15.391585785154572; 0.0)
mnist_fgsm_0.15_AlexNetClass2_acc:0.8546511627906976, False, geodesic, 100, 1032, (18632.22290611267; 0.0), (955.6359777450562; 0.0), (6.933259321972149; 0.0), (6.872317238593561; 0.0), (17.257623896192257; 0.0)
mnist_fgsm_0.2_AlexNetClass2_acc:0.7916666666666666, False, geodesic, 100, 1032, (19383.959575653076; 0.0), (860.80299949646; 0.0), (6.934581479284495; 0.0), (6.872652667155688; 0.0), (19.85878577519654; 0.0)
mnist_fgsm_0.25_AlexNetClass2_acc:0.6841085271317829, False, geodesic, 100, 1032, (20391.689094543457; 0.0), (786.0964889526367; 0.0), (6.935617845819958; 0.0), (6.900799668751166; 0.0), (22.6074926068111; 0.0)
mnist_fgsm_0.3_AlexNetClass2_acc:0.5310077519379846, False, geodesic, 100, 1032, (21797.726426124573; 0.0), (742.033597946167; 0.0), (6.936448722891983; 0.0), (6.9488389777836765; 0.0), (27.580042645111632; 0.0)
mnist_fgsm_0_AlexNetClass3_acc:0.9891089108910891, False, geodesic, 100, 1010, (17594.56693840027; 0.0), (1015.8930149078369; 0.0), (6.90634253523289; 0.0), (6.853735394330319; 0.0), (14.740597933041192; 0.0)
mnist_fgsm_0.05_AlexNetClass3_acc:0.9811881188118812, False, geodesic, 100, 1010, (17139.942449569702; 0.0), (948.6869134902954; 0.0), (6.907107850501683; 0.0), (6.849941169912121; 0.0), (15.52520399872191; 0.0)
mnist_fgsm_0.1_AlexNetClass3_acc:0.9465346534653465, False, geodesic, 100, 1010, (17104.37413597107; 0.0), (867.0683164596558; 0.0), (6.908693261713869; 0.0), (6.862133501950969; 0.0), (16.911851808556527; 0.0)
mnist_fgsm_0.15_AlexNetClass3_acc:0.8792079207920792, False, geodesic, 100, 1010, (17523.45471096039; 0.0), (780.5640773773193; 0.0), (6.910547196215817; 0.0), (6.8553419956071915; 0.0), (19.134712398774845; 0.0)
mnist_fgsm_0.2_AlexNetClass3_acc:0.802970297029703, False, geodesic, 100, 1010, (18364.86407852173; 0.0), (716.8608102798462; 0.0), (6.912266148227968; 0.0), (6.867550995751762; 0.0), (22.269845853282987; 0.0)
mnist_fgsm_0.25_AlexNetClass3_acc:0.6693069306930693, False, geodesic, 100, 1010, (19438.3739900589; 0.0), (670.2784118652344; 0.0), (6.913550042973034; 0.0), (6.8872555845421335; 0.0), (27.753583805306754; 0.0)
mnist_fgsm_0.3_AlexNetClass3_acc:0.4297029702970297, False, geodesic, 100, 1010, (20885.42253780365; 0.0), (644.5296306610107; 0.0), (6.914557427527569; 0.0), (6.914163630704697; 0.0), (30.381316940079284; 0.0)
mnist_fgsm_0_AlexNetClass4_acc:0.9816700610997964, False, geodesic, 100, 982, (15534.793486118317; 0.0), (866.1686182022095; 0.0), (6.875715944672311; 0.0), (6.598675512406572; 0.0), (12.1135873531714; 0.0)
mnist_fgsm_0.05_AlexNetClass4_acc:0.9633401221995926, False, geodesic, 100, 982, (15148.154056549072; 0.0), (781.7205362319946; 0.0), (6.876703886693012; 0.0), (6.600246848978646; 0.0), (13.266520865250868; 0.0)
mnist_fgsm_0.1_AlexNetClass4_acc:0.9348268839103869, False, geodesic, 100, 982, (15215.408082962036; 0.0), (685.6380891799927; 0.0), (6.878778536538735; 0.0), (6.591173073413636; 0.0), (15.391526841041507; 0.0)
mnist_fgsm_0.15_AlexNetClass4_acc:0.8757637474541752, False, geodesic, 100, 982, (15745.31780910492; 0.0), (614.627311706543; 0.0), (6.88119604026593; 0.0), (6.613814359673124; 0.0), (18.113446714264178; 0.0)
mnist_fgsm_0.2_AlexNetClass4_acc:0.7973523421588594, False, geodesic, 100, 982, (16696.377588272095; 0.0), (567.5469741821289; 0.0), (6.883367672978789; 0.0), (6.66126648981892; 0.0), (21.338012999956664; 0.0)
mnist_fgsm_0.25_AlexNetClass4_acc:0.59979633401222, False, geodesic, 100, 982, (17847.691290855408; 0.0), (526.6530103683472; 0.0), (6.884947736533443; 0.0), (6.665832209742991; 0.0), (23.53803750024549; 0.0)
mnist_fgsm_0.3_AlexNetClass4_acc:0.219959266802444, False, geodesic, 100, 982, (19352.88357925415; 0.0), (499.2170009613037; 0.0), (6.886145131319025; 0.0), (6.707278177194076; 0.0), (29.496125699994707; 0.0)
mnist_fgsm_0_AlexNetClass5_acc:0.9820627802690582, False, geodesic, 100, 892, (15736.889531135559; 0.0), (853.1097726821899; 0.0), (6.782358012210967; 0.0), (6.572650788126334; 0.0), (13.54367639131964; 0.0)
mnist_fgsm_0.05_AlexNetClass5_acc:0.9495515695067265, False, geodesic, 100, 892, (15350.162318229675; 0.0), (810.7166347503662; 0.0), (6.78293456757769; 0.0), (6.5710869398989855; 0.0), (14.837118492662125; 0.0)
mnist_fgsm_0.1_AlexNetClass5_acc:0.8665919282511211, False, geodesic, 100, 892, (15336.121173858643; 0.0), (743.9276180267334; 0.0), (6.78429292375869; 0.0), (6.595160747861598; 0.0), (17.291744991312235; 0.0)
mnist_fgsm_0.15_AlexNetClass5_acc:0.7600896860986547, False, geodesic, 100, 892, (15714.09285068512; 0.0), (653.6202516555786; 0.0), (6.78601057060946; 0.0), (6.61515070789931; 0.0), (19.95545875336021; 0.0)
mnist_fgsm_0.2_AlexNetClass5_acc:0.5381165919282511, False, geodesic, 100, 892, (16467.089807510376; 0.0), (587.3876695632935; 0.0), (6.78766673531067; 0.0), (6.625013040726864; 0.0), (22.35457799316967; 0.0)
mnist_fgsm_0.25_AlexNetClass5_acc:0.23766816143497757, False, geodesic, 100, 892, (17415.554509162903; 0.0), (531.5507259368896; 0.0), (6.788955926254818; 0.0), (6.628591228313077; 0.0), (27.111458958423764; 0.0)
mnist_fgsm_0.3_AlexNetClass5_acc:0.020179372197309416, False, geodesic, 100, 892, (18695.296454429626; 0.0), (507.82466316223145; 0.0), (6.790016381841424; 0.0), (6.657416893640398; 0.0), (28.099509482330166; 0.0)
mnist_fgsm_0_AlexNetClass6_acc:0.9812108559498957, False, geodesic, 100, 958, (15028.868776321411; 0.0), (870.577054977417; 0.0), (6.849834333819815; 0.0), (6.601851003775498; 0.0), (12.184528670563479; 0.0)
mnist_fgsm_0.05_AlexNetClass6_acc:0.9718162839248434, False, geodesic, 100, 958, (14667.1005859375; 0.0), (799.5197429656982; 0.0), (6.850938870630118; 0.0), (6.584435819356343; 0.0), (13.120814095736378; 0.0)
mnist_fgsm_0.1_AlexNetClass6_acc:0.9498956158663883, False, geodesic, 100, 958, (14725.170897483826; 0.0), (733.5337610244751; 0.0), (6.853055594078528; 0.0), (6.55431618266494; 0.0), (14.974009276420597; 0.0)
mnist_fgsm_0.15_AlexNetClass6_acc:0.9269311064718163, False, geodesic, 100, 958, (15207.969067573547; 0.0), (642.9956035614014; 0.0), (6.855507543461622; 0.0), (6.574322571921575; 0.0), (15.69355401835971; 0.0)
mnist_fgsm_0.2_AlexNetClass6_acc:0.8559498956158664, False, geodesic, 100, 958, (16077.888366699219; 0.0), (579.3946046829224; 0.0), (6.857673449958985; 0.0), (6.589758850738282; 0.0), (19.365882431750126; 0.0)
mnist_fgsm_0.25_AlexNetClass6_acc:0.6795407098121086, False, geodesic, 100, 958, (17150.843339920044; 0.0), (545.1196374893188; 0.0), (6.859306987146587; 0.0), (6.586612160007116; 0.0), (23.67187080992799; 0.0)
mnist_fgsm_0.3_AlexNetClass6_acc:0.33089770354906056, False, geodesic, 100, 958, (18553.7980260849; 0.0), (503.81701278686523; 0.0), (6.860551165564278; 0.0), (6.641198894800289; 0.0), (25.681055585331944; 0.0)
mnist_fgsm_0_AlexNetClass7_acc:0.9776264591439688, False, geodesic, 100, 1028, (14135.129254817963; 0.0), (698.9319047927856; 0.0), (6.910976627340651; 0.0), (6.519160142829237; 0.0), (11.75088005667224; 0.0)
mnist_fgsm_0.05_AlexNetClass7_acc:0.9562256809338522, False, geodesic, 100, 1028, (13889.277307033539; 0.0), (648.0781049728394; 0.0), (6.9130209195375905; 0.0), (6.512260830490143; 0.0), (12.46621315513492; 0.0)
mnist_fgsm_0.1_AlexNetClass7_acc:0.9075875486381323, False, geodesic, 100, 1028, (14164.021430492401; 0.0), (585.4224967956543; 0.0), (6.917142319436629; 0.0), (6.499479157514902; 0.0), (13.826378587085255; 0.0)
mnist_fgsm_0.15_AlexNetClass7_acc:0.8443579766536965, False, geodesic, 100, 1028, (14933.112278938293; 0.0), (538.3823900222778; 0.0), (6.921542636670622; 0.0), (6.50934273542103; 0.0), (16.295298303288615; 0.0)
mnist_fgsm_0.2_AlexNetClass7_acc:0.7461089494163424, False, geodesic, 100, 1028, (16110.38288974762; 0.0), (507.2625036239624; 0.0), (6.9251735756077935; 0.0), (6.544547548592286; 0.0), (18.881792500111402; 0.0)
mnist_fgsm_0.25_AlexNetClass7_acc:0.5749027237354085, False, geodesic, 100, 1028, (17466.254558563232; 0.0), (485.143741607666; 0.0), (6.927660814123958; 0.0), (6.568819298003613; 0.0), (21.212528908700296; 0.0)
mnist_fgsm_0.3_AlexNetClass7_acc:0.17217898832684825, False, geodesic, 100, 1028, (19163.486624717712; 0.0), (486.722186088562; 0.0), (6.929440504607847; 0.0), (6.632919474508137; 0.0), (27.361194862417978; 0.0)
mnist_fgsm_0_AlexNetClass8_acc:0.9763860369609856, False, geodesic, 100, 974, (17811.7179813385; 0.0), (1027.0993690490723; 0.0), (6.870783702430716; 0.0), (6.794500600522232; 0.0), (14.650152020028031; 0.0)
mnist_fgsm_0.05_AlexNetClass8_acc:0.9373716632443532, False, geodesic, 100, 974, (17374.95815181732; 0.0), (951.7199087142944; 0.0), (6.871120277475819; 0.0), (6.771770238364287; 0.0), (14.701106885431017; 0.0)
mnist_fgsm_0.1_AlexNetClass8_acc:0.8696098562628337, False, geodesic, 100, 974, (17316.33205127716; 0.0), (856.2290267944336; 0.0), (6.872103865742378; 0.0), (6.75267087067579; 0.0), (16.69203491511907; 0.0)
mnist_fgsm_0.15_AlexNetClass8_acc:0.7648870636550308, False, geodesic, 100, 974, (17664.41970539093; 0.0), (743.2050161361694; 0.0), (6.873522584370498; 0.0), (6.733938735652012; 0.0), (19.63706001164366; 0.0)
mnist_fgsm_0.2_AlexNetClass8_acc:0.6817248459958932, False, geodesic, 100, 974, (18411.41898059845; 0.0), (650.345531463623; 0.0), (6.875003005456881; 0.0), (6.716804357296079; 0.0), (20.916191205871225; 0.0)
mnist_fgsm_0.25_AlexNetClass8_acc:0.6078028747433265, False, geodesic, 100, 974, (19379.7932806015; 0.0), (572.9389266967773; 0.0), (6.876214454167888; 0.0), (6.6929957287013675; 0.0), (25.47747041038295; 0.0)
mnist_fgsm_0.3_AlexNetClass8_acc:0.5503080082135524, False, geodesic, 100, 974, (20703.489988327026; 0.0), (525.2035884857178; 0.0), (6.877276307236104; 0.0), (6.696231958119963; 0.0), (28.607913815591324; 0.0)
mnist_fgsm_0_AlexNetClass9_acc:0.958374628344896, False, geodesic, 100, 1009, (14674.655377388; 0.0), (816.8563394546509; 0.0), (6.898915930511152; 0.0), (6.642961823720231; 0.0), (12.535464623589238; 0.0)
mnist_fgsm_0.05_AlexNetClass9_acc:0.9355797819623389, False, geodesic, 100, 1009, (14420.933586120605; 0.0), (748.0502557754517; 0.0), (6.900170380215564; 0.0), (6.613265322406774; 0.0), (13.596024081795232; 0.0)
mnist_fgsm_0.1_AlexNetClass9_acc:0.9008919722497523, False, geodesic, 100, 1009, (14622.623834609985; 0.0), (643.5283784866333; 0.0), (6.902681661002377; 0.0), (6.598965380529597; 0.0), (15.528366679833994; 0.0)
mnist_fgsm_0.15_AlexNetClass9_acc:0.8503468780971258, False, geodesic, 100, 1009, (15273.645881652832; 0.0), (572.057445526123; 0.0), (6.905500523709826; 0.0), (6.609073638355061; 0.0), (17.602296976957827; 0.0)
mnist_fgsm_0.2_AlexNetClass9_acc:0.7631318136769079, False, geodesic, 100, 1009, (16314.534990310669; 0.0), (511.5921106338501; 0.0), (6.907966048816828; 0.0), (6.614040396396065; 0.0), (20.35040377209321; 0.0)
mnist_fgsm_0.25_AlexNetClass9_acc:0.47274529236868185, False, geodesic, 100, 1009, (17539.689809799194; 0.0), (476.2514657974243; 0.0), (6.9097454212239775; 0.0), (6.569750643880981; 0.0), (23.459714909195903; 0.0)
mnist_fgsm_0.3_AlexNetClass9_acc:0.03468780971258672, False, geodesic, 100, 1009, (19095.942140579224; 0.0), (441.30089950561523; 0.0), (6.911115788848297; 0.0), (6.636690444756936; 0.0), (28.02227083767924; 0.0)
