cifar10_class0, False, geodesic, 100, 1300, (9449.244099855423; 0), (66.06899166107178; 0), (6.879211650608647; 0), (5.183360984047207; 0), (20.3859939949835; 3.7600713759827835)
cifar10_class1, False, geodesic, 100, 1300, (12161.709319114685; 0), (157.47723770141602; 0), (6.898664611273023; 0), (5.820473035620481; 0), (23.05736382343648; 3.2761839819981304)
cifar10_class2, False, geodesic, 100, 1300, (9343.627597808838; 0), (41.21534824371338; 0), (6.8751991515946; 0), (4.72643997378326; 0), (23.954272165101592; 5.246930988152268)
cifar10_class3, False, geodesic, 100, 1300, (10988.9986038208; 0), (75.25910091400146; 0), (6.891157858933849; 0), (5.135638424641974; 0), (25.11822467074305; 4.158775866145712)
cifar10_class4, False, geodesic, 100, 1300, (8722.078142642975; 0), (49.47160196304321; 0), (6.8814536506439445; 0), (4.967269110801895; 0), (22.986795299241344; 6.447919971193806)
cifar10_class5, False, geodesic, 100, 1300, (11130.873228788376; 0), (83.85250854492188; 0), (6.891884596592072; 0), (5.275343270917127; 0), (22.175579463229646; 1.214950981923408)
cifar10_class6, False, geodesic, 100, 1300, (9398.525236606598; 0), (50.71786642074585; 0), (6.888642177463364; 0), (4.887738393572464; 0), (25.933841151030787; 5.306434373161489)
cifar10_class7, False, geodesic, 100, 1300, (11216.866309165955; 0), (97.84642934799194; 0), (6.894131294524205; 0), (5.462747447736469; 0), (22.842557052764015; 4.85735966943018)
cifar10_class8, False, geodesic, 100, 1300, (9678.932764053345; 0), (83.93046569824219; 0), (6.883416554091068; 0), (5.298836545402784; 0), (21.83406981476896; 4.521179990490621)
cifar10_class9, False, geodesic, 100, 1300, (12182.147783279419; 0), (147.15370082855225; 0), (6.899647697892275; 0), (5.900168525993568; 0), (26.587342641870794; 2.988715832902379)
cifar10, False, geodesic, 100, 1300, (10427.30030851364; 1190.745725610787), (85.29932513237; 37.53734622264718), (6.888340924361705; 0.00785026945378795), (5.265801571251723; 0.36010486288084337), (23.487604007717017; 1.827477185455979)