1000, 0, 1.0, 0, 8.221205234453926
1000, 0, 1.0, 1, -5.696561372998151
1000, 0, 1.2, 0, 7.975961541752781
1000, 0, 1.2, 1, -5.075690643761655
1000, 0, 1.4, 0, 8.301018767265196
1000, 0, 1.4, 1, -6.984018229504929
1000, 0, 1.5999999999999999, 0, 8.362947225120998
1000, 0, 1.5999999999999999, 1, -6.014072201940298
1000, 0, 1.7999999999999998, 0, 8.034284551814014
1000, 0, 1.7999999999999998, 1, -5.026459457414422
1000, 0.01, 1.0, 0, 7.3215119253662575
1000, 0.01, 1.0, 1, -5.081429728488505
1000, 0.01, 1.2, 0, 8.378187821393938
1000, 0.01, 1.2, 1, -5.184473443158494
1000, 0.01, 1.4, 0, 6.696330966995385
1000, 0.01, 1.4, 1, -6.309406596876371
1000, 0.01, 1.5999999999999999, 0, 10.261470075786221
1000, 0.01, 1.5999999999999999, 1, -7.561582031955798
1000, 0.01, 1.7999999999999998, 0, 9.114435358824196
1000, 0.01, 1.7999999999999998, 1, -5.625054144053689
1000, 0.02, 1.0, 0, 9.032065337385998
1000, 0.02, 1.0, 1, -6.726131396886251
1000, 0.02, 1.2, 0, 6.651731193725951
1000, 0.02, 1.2, 1, -6.162093700351953
1000, 0.02, 1.4, 0, 6.539968524493271
1000, 0.02, 1.4, 1, -7.268075702731701
1000, 0.02, 1.5999999999999999, 0, 10.333593219754897
1000, 0.02, 1.5999999999999999, 1, -6.135372182190936
1000, 0.02, 1.7999999999999998, 0, 7.850659185839794
1000, 0.02, 1.7999999999999998, 1, -5.796606476657845
1000, 0.03, 1.0, 0, 10.798258521665696
1000, 0.03, 1.0, 1, -5.638537067864358
1000, 0.03, 1.2, 0, 6.450148071106472
1000, 0.03, 1.2, 1, -7.059317042453885
1000, 0.03, 1.4, 0, 7.244769808726542
1000, 0.03, 1.4, 1, -5.721316172953333
1000, 0.03, 1.5999999999999999, 0, 8.790730204202811
1000, 0.03, 1.5999999999999999, 1, -6.652162967465533
1000, 0.03, 1.7999999999999998, 0, 9.298738287316743
1000, 0.03, 1.7999999999999998, 1, -5.967702431428973
1000, 0.04, 1.0, 0, 8.765971381688573
1000, 0.04, 1.0, 1, -5.504431199508508
1000, 0.04, 1.2, 0, 11.601395948003686
1000, 0.04, 1.2, 1, -5.585503605545232
1000, 0.04, 1.4, 0, 11.68878317649392
1000, 0.04, 1.4, 1, -4.602024384288941
1000, 0.04, 1.5999999999999999, 0, 7.535134922380861
1000, 0.04, 1.5999999999999999, 1, -5.463368338925381
1000, 0.04, 1.7999999999999998, 0, 7.148170236688932
1000, 0.04, 1.7999999999999998, 1, -5.472974183813542
1000, 0.05, 1.0, 0, 10.000198507108967
1000, 0.05, 1.0, 1, -5.400468671387364
1000, 0.05, 1.2, 0, 6.481334241918206
1000, 0.05, 1.2, 1, -6.067421206725696
1000, 0.05, 1.4, 0, 8.770999433475236
1000, 0.05, 1.4, 1, -5.791882607716804
1000, 0.05, 1.5999999999999999, 0, 10.404498095565199
1000, 0.05, 1.5999999999999999, 1, -5.32791310448083
1000, 0.05, 1.7999999999999998, 0, 7.851851858583907
1000, 0.05, 1.7999999999999998, 1, -5.450819166266388
1000, 0.06, 1.0, 0, 6.924621365189728
1000, 0.06, 1.0, 1, -4.846483220194446
1000, 0.06, 1.2, 0, 7.899894571878852
1000, 0.06, 1.2, 1, -4.859581432569371
1000, 0.06, 1.4, 0, 7.27521210530532
1000, 0.06, 1.4, 1, -5.232445777511842
1000, 0.06, 1.5999999999999999, 0, 7.29403567743095
1000, 0.06, 1.5999999999999999, 1, -4.698073907987816
1000, 0.06, 1.7999999999999998, 0, 7.595467565902681
1000, 0.06, 1.7999999999999998, 1, -6.673763730705367
1000, 0.07, 1.0, 0, 7.745821231586421
1000, 0.07, 1.0, 1, -5.4950061063904485
1000, 0.07, 1.2, 0, 7.800832231171314
1000, 0.07, 1.2, 1, -4.74002536742567
1000, 0.07, 1.4, 0, 10.138109373185854
1000, 0.07, 1.4, 1, -5.2961469393524805
1000, 0.07, 1.5999999999999999, 0, 9.629266576012927
1000, 0.07, 1.5999999999999999, 1, -5.707928157981965
1000, 0.07, 1.7999999999999998, 0, 7.866727197289828
1000, 0.07, 1.7999999999999998, 1, -5.394479066472082
1000, 0.08, 1.0, 0, 7.656103181961315
1000, 0.08, 1.0, 1, -5.383856186426981
1000, 0.08, 1.2, 0, 8.38614955301068
1000, 0.08, 1.2, 1, -4.561383738078412
1000, 0.08, 1.4, 0, 10.136685210903098
1000, 0.08, 1.4, 1, -5.4221433374125665
1000, 0.08, 1.5999999999999999, 0, 8.740491754517588
1000, 0.08, 1.5999999999999999, 1, -6.329802798474278
1000, 0.08, 1.7999999999999998, 0, 8.103410463868277
1000, 0.08, 1.7999999999999998, 1, -5.490628022716275
1000, 0.09, 1.0, 0, 8.741452638974351
1000, 0.09, 1.0, 1, -4.786214742994073
1000, 0.09, 1.2, 0, 8.86226160530245
1000, 0.09, 1.2, 1, -5.522453165889281
1000, 0.09, 1.4, 0, 9.04574573624816
1000, 0.09, 1.4, 1, -6.0297617368744385
1000, 0.09, 1.5999999999999999, 0, 7.5718084151043215
1000, 0.09, 1.5999999999999999, 1, -5.112101452460626
1000, 0.09, 1.7999999999999998, 0, 10.964635048639632
1000, 0.09, 1.7999999999999998, 1, -5.160599085975312
1000, 0.1, 1.0, 0, 7.623954284574468
1000, 0.1, 1.0, 1, -5.478661119035371
1000, 0.1, 1.2, 0, 9.433231167215622
1000, 0.1, 1.2, 1, -4.297415860956482
1000, 0.1, 1.4, 0, 10.066144392716168
1000, 0.1, 1.4, 1, -4.389616588952915
1000, 0.1, 1.5999999999999999, 0, 7.549608960202592
1000, 0.1, 1.5999999999999999, 1, -4.877970515679777
1000, 0.1, 1.7999999999999998, 0, 7.668679484149605
1000, 0.1, 1.7999999999999998, 1, -4.047897256934349
1000, 0.15, 1.0, 0, 8.55400414104892
1000, 0.15, 1.0, 1, -4.660141511147587
1000, 0.15, 1.2, 0, 10.922936580977884
1000, 0.15, 1.2, 1, -4.1451855333852645
1000, 0.15, 1.4, 0, 8.597847976353947
1000, 0.15, 1.4, 1, -4.442112334870853
1000, 0.15, 1.5999999999999999, 0, 13.143132249658853
1000, 0.15, 1.5999999999999999, 1, -4.324124166245
1000, 0.15, 1.7999999999999998, 0, 8.316055827210139
1000, 0.15, 1.7999999999999998, 1, -5.073883175468199
1000, 0.2, 1.0, 0, 9.909086712696586
1000, 0.2, 1.0, 1, -4.376259555127794
1000, 0.2, 1.2, 0, 9.613996530491244
1000, 0.2, 1.2, 1, -3.6017324606263585
1000, 0.2, 1.4, 0, 7.706729554951309
1000, 0.2, 1.4, 1, -3.4130271862714987
1000, 0.2, 1.5999999999999999, 0, 9.465600263581013
1000, 0.2, 1.5999999999999999, 1, -3.345685477719994
1000, 0.2, 1.7999999999999998, 0, 9.58573808776631
1000, 0.2, 1.7999999999999998, 1, -3.12236480609195
