1000, 0, 1.0, 0, 7.779281910489618
1000, 0, 1.0, 1, -5.549331120685875
1000, 0, 1.2, 0, 7.746234207307874
1000, 0, 1.2, 1, -5.680634013221632
1000, 0, 1.4, 0, 8.434650922391445
1000, 0, 1.4, 1, -6.709001972686211
1000, 0, 1.5999999999999999, 0, 8.23008725220504
1000, 0, 1.5999999999999999, 1, -5.918002471976523
1000, 0, 1.7999999999999998, 0, 7.761967545488541
1000, 0, 1.7999999999999998, 1, -5.301455448474907
1000, 0.01, 1.0, 0, 7.919384657619552
1000, 0.01, 1.0, 1, -5.834298287012733
1000, 0.01, 1.2, 0, 8.716522590852843
1000, 0.01, 1.2, 1, -5.342192473121031
1000, 0.01, 1.4, 0, 7.091275415514452
1000, 0.01, 1.4, 1, -5.926674084727001
1000, 0.01, 1.5999999999999999, 0, 6.839474307541501
1000, 0.01, 1.5999999999999999, 1, -5.9048768786455454
1000, 0.01, 1.7999999999999998, 0, 8.038933350854444
1000, 0.01, 1.7999999999999998, 1, -5.544692088977142
1000, 0.02, 1.0, 0, 9.168970190033892
1000, 0.02, 1.0, 1, -6.891050550308678
1000, 0.02, 1.2, 0, 7.701491007440423
1000, 0.02, 1.2, 1, -5.387538393313147
1000, 0.02, 1.4, 0, 8.167376883060534
1000, 0.02, 1.4, 1, -5.997056240643036
1000, 0.02, 1.5999999999999999, 0, 7.36848348183234
1000, 0.02, 1.5999999999999999, 1, -6.152681010106149
1000, 0.02, 1.7999999999999998, 0, 11.186772171458347
1000, 0.02, 1.7999999999999998, 1, -6.465846952078844
1000, 0.03, 1.0, 0, 6.970045488528057
1000, 0.03, 1.0, 1, -6.38116360921382
1000, 0.03, 1.2, 0, 8.114435119847682
1000, 0.03, 1.2, 1, -5.365866640348354
1000, 0.03, 1.4, 0, 7.531002536975339
1000, 0.03, 1.4, 1, -6.504942540295454
1000, 0.03, 1.5999999999999999, 0, 8.74005315530688
1000, 0.03, 1.5999999999999999, 1, -6.849597523295176
1000, 0.03, 1.7999999999999998, 0, 9.537116166713991
1000, 0.03, 1.7999999999999998, 1, -5.758122006770524
1000, 0.04, 1.0, 0, 8.44005885912577
1000, 0.04, 1.0, 1, -6.287060729120826
1000, 0.04, 1.2, 0, 10.87056900362699
1000, 0.04, 1.2, 1, -6.375257834429807
1000, 0.04, 1.4, 0, 11.84096899915571
1000, 0.04, 1.4, 1, -5.482591893928587
1000, 0.04, 1.5999999999999999, 0, 8.114182138060968
1000, 0.04, 1.5999999999999999, 1, -4.640393782948234
1000, 0.04, 1.7999999999999998, 0, 8.137503091292135
1000, 0.04, 1.7999999999999998, 1, -5.041481297860724
1000, 0.05, 1.0, 0, 7.9122566396766265
1000, 0.05, 1.0, 1, -5.710399357529346
1000, 0.05, 1.2, 0, 8.559426700193534
1000, 0.05, 1.2, 1, -6.696012228448653
1000, 0.05, 1.4, 0, 6.66243374366546
1000, 0.05, 1.4, 1, -6.157837734532243
1000, 0.05, 1.5999999999999999, 0, 7.027934516126144
1000, 0.05, 1.5999999999999999, 1, -6.862220988258383
1000, 0.05, 1.7999999999999998, 0, 11.369081334958008
1000, 0.05, 1.7999999999999998, 1, -5.839951947255624
1000, 0.06, 1.0, 0, 8.172226540768932
1000, 0.06, 1.0, 1, -5.712519703281429
1000, 0.06, 1.2, 0, 7.5933433999598305
1000, 0.06, 1.2, 1, -6.8091237423796045
1000, 0.06, 1.4, 0, 9.795968409169953
1000, 0.06, 1.4, 1, -5.641118803120136
1000, 0.06, 1.5999999999999999, 0, 8.18759274208501
1000, 0.06, 1.5999999999999999, 1, -6.596436961963851
1000, 0.06, 1.7999999999999998, 0, 7.7139939690908434
1000, 0.06, 1.7999999999999998, 1, -5.3111854222011
1000, 0.07, 1.0, 0, 8.33510982003373
1000, 0.07, 1.0, 1, -6.39857742413596
1000, 0.07, 1.2, 0, 8.00899659759362
1000, 0.07, 1.2, 1, -6.8323915283814305
1000, 0.07, 1.4, 0, 9.722907272870877
1000, 0.07, 1.4, 1, -6.344824417344806
1000, 0.07, 1.5999999999999999, 0, 8.279662798548145
1000, 0.07, 1.5999999999999999, 1, -5.443148973829063
1000, 0.07, 1.7999999999999998, 0, 7.3801892267567695
1000, 0.07, 1.7999999999999998, 1, -5.424900295959126
1000, 0.08, 1.0, 0, 8.023084024527222
1000, 0.08, 1.0, 1, -5.002707672940262
1000, 0.08, 1.2, 0, 9.078530147432897
1000, 0.08, 1.2, 1, -5.974148485565221
1000, 0.08, 1.4, 0, 8.897353493533304
1000, 0.08, 1.4, 1, -5.636377521078118
1000, 0.08, 1.5999999999999999, 0, 7.316055436598481
1000, 0.08, 1.5999999999999999, 1, -4.5447336638427
1000, 0.08, 1.7999999999999998, 0, 9.008054975210648
1000, 0.08, 1.7999999999999998, 1, -6.3800124439748815
1000, 0.09, 1.0, 0, 9.756495789885461
1000, 0.09, 1.0, 1, -5.952440934428039
1000, 0.09, 1.2, 0, 9.36219249161166
1000, 0.09, 1.2, 1, -5.905333307425432
1000, 0.09, 1.4, 0, 13.057543846661833
1000, 0.09, 1.4, 1, -4.358675735455232
1000, 0.09, 1.5999999999999999, 0, 7.057832527274869
1000, 0.09, 1.5999999999999999, 1, -4.400195386531546
1000, 0.09, 1.7999999999999998, 0, 6.97788881587513
1000, 0.09, 1.7999999999999998, 1, -4.516621998503845
1000, 0.1, 1.0, 0, 8.86556012609737
1000, 0.1, 1.0, 1, -5.009744003675971
1000, 0.1, 1.2, 0, 7.2300714954360865
1000, 0.1, 1.2, 1, -4.633698022370962
1000, 0.1, 1.4, 0, 7.315955518230845
1000, 0.1, 1.4, 1, -4.3698502378854585
1000, 0.1, 1.5999999999999999, 0, 12.303788594317776
1000, 0.1, 1.5999999999999999, 1, -4.8841839346349465
1000, 0.1, 1.7999999999999998, 0, 9.962498185618456
1000, 0.1, 1.7999999999999998, 1, -4.937517488282101
1000, 0.15, 1.0, 0, 14.049005797657022
1000, 0.15, 1.0, 1, -5.239666061925348
1000, 0.15, 1.2, 0, 8.31440212172042
1000, 0.15, 1.2, 1, -4.840717502512566
1000, 0.15, 1.4, 0, 8.416134224909028
1000, 0.15, 1.4, 1, -5.110837210067105
1000, 0.15, 1.5999999999999999, 0, 8.3968617250099
1000, 0.15, 1.5999999999999999, 1, -4.619887469115732
1000, 0.15, 1.7999999999999998, 0, 11.437424959605355
1000, 0.15, 1.7999999999999998, 1, -4.190336196025893
1000, 0.2, 1.0, 0, 10.074049315527914
1000, 0.2, 1.0, 1, -5.643849374942808
1000, 0.2, 1.2, 0, 9.462918416654476
1000, 0.2, 1.2, 1, -4.36699678303105
1000, 0.2, 1.4, 0, 8.67243731321055
1000, 0.2, 1.4, 1, -2.99628622987011
1000, 0.2, 1.5999999999999999, 0, 10.040527627241081
1000, 0.2, 1.5999999999999999, 1, -2.9626478180750033
1000, 0.2, 1.7999999999999998, 0, 11.217542883833383
1000, 0.2, 1.7999999999999998, 1, -3.3851158515968978
