1000, 0, 0.1, 0, 1.5281544432252387
1000, 0, 0.1, 1, 1.320893078704406
1000, 0, 0.5, 0, 1.532374498840231
1000, 0, 0.5, 1, 1.3163591093476887
1000, 0, 0.8, 0, 1.5245093541567598
1000, 0, 0.8, 1, 1.3505420174762786
1000, 0, 1, 0, 1.5260862093786431
1000, 0, 1, 1, 1.3813769276793448
1000, 0, 1.2, 0, 1.5336297240952694
1000, 0, 1.2, 1, 1.3429416331809405
1000, 0, 1.4, 0, 1.5346304302087115
1000, 0, 1.4, 1, 1.3199560904390952
1000, 0, 1.5, 0, 1.520470261344966
1000, 0, 1.5, 1, 1.3183367822021705
1000, 0, 1.8, 0, 1.5363906391655213
1000, 0, 1.8, 1, 1.2984568391126168
1000, 0, 2, 0, 1.5363840207983501
1000, 0, 2, 1, 1.4633265034083984
1000, 0.01, 0.1, 0, 1.5324901944577016
1000, 0.01, 0.1, 1, 1.3211841382086822
1000, 0.01, 0.5, 0, 1.5489516797837257
1000, 0.01, 0.5, 1, 1.3314523960126565
1000, 0.01, 0.8, 0, 1.6030616720210042
1000, 0.01, 0.8, 1, 1.4754447976436142
1000, 0.01, 1, 0, 1.5818514507486077
1000, 0.01, 1, 1, 1.2655830078098507
1000, 0.01, 1.2, 0, 1.5672919930539184
1000, 0.01, 1.2, 1, 1.2442504080257695
1000, 0.01, 1.4, 0, 1.6591081775327416
1000, 0.01, 1.4, 1, 1.3127743387532824
1000, 0.01, 1.5, 0, 1.6617506748437019
1000, 0.01, 1.5, 1, 1.290269378135795
1000, 0.01, 1.8, 0, 1.6578877888242727
1000, 0.01, 1.8, 1, 1.2391550240861116
1000, 0.01, 2, 0, 1.658236770460023
1000, 0.01, 2, 1, 1.2752343080310529
1000, 0.02, 0.1, 0, 1.5138819008719562
1000, 0.02, 0.1, 1, 1.3223164444527726
1000, 0.02, 0.5, 0, 1.5561901755291072
1000, 0.02, 0.5, 1, 1.2986191994888177
1000, 0.02, 0.8, 0, 1.6035022873327225
1000, 0.02, 0.8, 1, 1.349672865039482
1000, 0.02, 1, 0, 1.6338625647527676
1000, 0.02, 1, 1, 1.23072415820044
1000, 0.02, 1.2, 0, 1.6710806723951195
1000, 0.02, 1.2, 1, 1.28919902349138
1000, 0.02, 1.4, 0, 1.6076617099206891
1000, 0.02, 1.4, 1, 1.2884955154316426
1000, 0.02, 1.5, 0, 1.6932911041390823
1000, 0.02, 1.5, 1, 1.310818679896321
1000, 0.02, 1.8, 0, 1.7915808520834622
1000, 0.02, 1.8, 1, 1.1635755985466258
1000, 0.02, 2, 0, 1.7783580635133225
1000, 0.02, 2, 1, 1.2712375049911746
1000, 0.03, 0.1, 0, 1.516291389568852
1000, 0.03, 0.1, 1, 1.3553537087412717
1000, 0.03, 0.5, 0, 1.6129817509491235
1000, 0.03, 0.5, 1, 1.3086318025584112
1000, 0.03, 0.8, 0, 1.5864024099297407
1000, 0.03, 0.8, 1, 1.2711837424948478
1000, 0.03, 1, 0, 1.6922909028905047
1000, 0.03, 1, 1, 1.2091243169323007
1000, 0.03, 1.2, 0, 1.6693303517002471
1000, 0.03, 1.2, 1, 1.241486344876663
1000, 0.03, 1.4, 0, 1.7256666148108082
1000, 0.03, 1.4, 1, 1.2844272104267234
1000, 0.03, 1.5, 0, 1.6879802007807707
1000, 0.03, 1.5, 1, 1.2318048916198745
1000, 0.03, 1.8, 0, 1.6514525539013898
1000, 0.03, 1.8, 1, 1.292928561835031
1000, 0.03, 2, 0, 1.7129851467976258
1000, 0.03, 2, 1, 1.2866930288516436
1000, 0.04, 0.1, 0, 1.531144946141393
1000, 0.04, 0.1, 1, 1.342330142577849
1000, 0.04, 0.5, 0, 1.6183978833270611
1000, 0.04, 0.5, 1, 1.2897905630193733
1000, 0.04, 0.8, 0, 1.6500810878238736
1000, 0.04, 0.8, 1, 1.3229743956632958
1000, 0.04, 1, 0, 1.6484627182009002
1000, 0.04, 1, 1, 1.2379326302489662
1000, 0.04, 1.2, 0, 1.6734399577175592
1000, 0.04, 1.2, 1, 1.407008632034504
1000, 0.04, 1.4, 0, 1.7865799747491284
1000, 0.04, 1.4, 1, 1.3777849940524325
1000, 0.04, 1.5, 0, 1.836074307914027
1000, 0.04, 1.5, 1, 1.2612335957891303
1000, 0.04, 1.8, 0, 1.708729943799718
1000, 0.04, 1.8, 1, 1.2627646950175488
1000, 0.04, 2, 0, 1.7202265384168942
1000, 0.04, 2, 1, 1.3011471294091024
1000, 0.05, 0.1, 0, 1.5424216685146297
1000, 0.05, 0.1, 1, 1.3136786753965024
1000, 0.05, 0.5, 0, 1.6160651292532167
1000, 0.05, 0.5, 1, 1.2987431625173174
1000, 0.05, 0.8, 0, 1.5899307247223855
1000, 0.05, 0.8, 1, 1.2819895830895536
1000, 0.05, 1, 0, 1.6845393551084933
1000, 0.05, 1, 1, 1.4329241670639177
1000, 0.05, 1.2, 0, 1.743603454934678
1000, 0.05, 1.2, 1, 1.257943690462662
1000, 0.05, 1.4, 0, 1.8706297555365776
1000, 0.05, 1.4, 1, 1.316034490949899
1000, 0.05, 1.5, 0, 1.7761233876629026
1000, 0.05, 1.5, 1, 1.1995150121893283
1000, 0.05, 1.8, 0, 1.8080240577601705
1000, 0.05, 1.8, 1, 1.2572269605061013
1000, 0.05, 2, 0, 1.8281145903187932
1000, 0.05, 2, 1, 1.7296916306829995
1000, 0.06, 0.1, 0, 1.5246270514200118
1000, 0.06, 0.1, 1, 1.341381662168752
1000, 0.06, 0.5, 0, 1.626276050898049
1000, 0.06, 0.5, 1, 1.3172590670122457
1000, 0.06, 0.8, 0, 1.672391781005128
1000, 0.06, 0.8, 1, 1.2532898167300355
1000, 0.06, 1, 0, 1.7006324750742055
1000, 0.06, 1, 1, 1.3542060209278826
1000, 0.06, 1.2, 0, 1.789307456678394
1000, 0.06, 1.2, 1, 1.2355091226430637
1000, 0.06, 1.4, 0, 1.872242249635321
1000, 0.06, 1.4, 1, 1.307915275361209
1000, 0.06, 1.5, 0, 1.8395068996527433
1000, 0.06, 1.5, 1, 1.3340261928605905
1000, 0.06, 1.8, 0, 1.9066164196492796
1000, 0.06, 1.8, 1, 1.2233991560227662
1000, 0.06, 2, 0, 1.8592268694865488
1000, 0.06, 2, 1, 1.2155070769080505
1000, 0.07, 0.1, 0, 1.5296794533922093
1000, 0.07, 0.1, 1, 1.436946289870891
1000, 0.07, 0.5, 0, 1.645169472623369
1000, 0.07, 0.5, 1, 1.3088599980984985
1000, 0.07, 0.8, 0, 1.7715007516024284
1000, 0.07, 0.8, 1, 1.3666753726028478
1000, 0.07, 1, 0, 1.8273425206224672
1000, 0.07, 1, 1, 1.2476930384030298
1000, 0.07, 1.2, 0, 1.741853762971414
1000, 0.07, 1.2, 1, 1.2102327620793734
1000, 0.07, 1.4, 0, 1.792174707376186
1000, 0.07, 1.4, 1, 1.2745313279431087
1000, 0.07, 1.5, 0, 1.7585446331249215
1000, 0.07, 1.5, 1, 1.1848556176632061
1000, 0.07, 1.8, 0, 1.7494862353657814
1000, 0.07, 1.8, 1, 1.338200848191041
1000, 0.07, 2, 0, 1.8750462078505548
1000, 0.07, 2, 1, 1.3317530611189938
1000, 0.08, 0.1, 0, 1.5216033987780875
1000, 0.08, 0.1, 1, 1.338340482724479
1000, 0.08, 0.5, 0, 1.669888448480683
1000, 0.08, 0.5, 1, 1.4030086856127646
1000, 0.08, 0.8, 0, 1.7249968693586657
1000, 0.08, 0.8, 1, 1.3753830481621883
1000, 0.08, 1, 0, 1.8008398510415664
1000, 0.08, 1, 1, 1.2824459426387134
1000, 0.08, 1.2, 0, 1.8608646905485875
1000, 0.08, 1.2, 1, 1.2504435678345809
1000, 0.08, 1.4, 0, 1.8639464577769616
1000, 0.08, 1.4, 1, 1.2304432284356304
1000, 0.08, 1.5, 0, 1.9137545538394967
1000, 0.08, 1.5, 1, 1.29874760391173
1000, 0.08, 1.8, 0, 1.909204235688183
1000, 0.08, 1.8, 1, 1.6050728821299602
1000, 0.08, 2, 0, 1.8630725727349315
1000, 0.08, 2, 1, 1.9705222893071568
1000, 0.09, 0.1, 0, 1.5454958902570497
1000, 0.09, 0.1, 1, 1.3896444519713045
1000, 0.09, 0.5, 0, 1.6676447255018194
1000, 0.09, 0.5, 1, 1.3808875067901152
1000, 0.09, 0.8, 0, 1.7181788858927083
1000, 0.09, 0.8, 1, 1.3005827634484117
1000, 0.09, 1, 0, 1.7831250759788362
1000, 0.09, 1, 1, 1.3367171358042296
1000, 0.09, 1.2, 0, 1.8086722308654062
1000, 0.09, 1.2, 1, 1.3151868579026287
1000, 0.09, 1.4, 0, 1.8048127718672102
1000, 0.09, 1.4, 1, 1.4010535639752502
1000, 0.09, 1.5, 0, 1.9178507055744531
1000, 0.09, 1.5, 1, 1.4573849633371625
1000, 0.09, 1.8, 0, 1.9808243514421913
1000, 0.09, 1.8, 1, 1.3670928071644757
1000, 0.09, 2, 0, 1.8907243671426268
1000, 0.09, 2, 1, 1.3235324706997265
1000, 0.1, 0.1, 0, 1.5220277132588442
1000, 0.1, 0.1, 1, 1.3383991744761525
1000, 0.1, 0.5, 0, 1.6519616996060908
1000, 0.1, 0.5, 1, 1.3412897506337218
1000, 0.1, 0.8, 0, 1.8042135137261648
1000, 0.1, 0.8, 1, 1.3641397787157288
1000, 0.1, 1, 0, 1.819703290475547
1000, 0.1, 1, 1, 1.438778464442967
1000, 0.1, 1.2, 0, 1.905802678663556
1000, 0.1, 1.2, 1, 1.4151351410712392
1000, 0.1, 1.4, 0, 1.8578535178480744
1000, 0.1, 1.4, 1, 1.2988256227009065
1000, 0.1, 1.5, 0, 1.85941843404559
1000, 0.1, 1.5, 1, 1.3932058158214462
1000, 0.1, 1.8, 0, 1.935707236771432
1000, 0.1, 1.8, 1, 1.3425535694125403
1000, 0.1, 2, 0, 1.8232076586531496
1000, 0.1, 2, 1, 2.1214832036136846
1000, 0.15, 0.1, 0, 1.5394943420649223
1000, 0.15, 0.1, 1, 1.415666785248115
1000, 0.15, 0.5, 0, 1.6850024038468938
1000, 0.15, 0.5, 1, 1.350899661927871
1000, 0.15, 0.8, 0, 1.893151467924547
1000, 0.15, 0.8, 1, 1.3335606931823332
1000, 0.15, 1, 0, 1.881770926275705
1000, 0.15, 1, 1, 1.266275671107084
1000, 0.15, 1.2, 0, 1.9433818942615948
1000, 0.15, 1.2, 1, 1.3224881019095995
1000, 0.15, 1.4, 0, 1.9798062867156414
1000, 0.15, 1.4, 1, 1.688965017502957
1000, 0.15, 1.5, 0, 1.8428874279272256
1000, 0.15, 1.5, 1, 1.5816534937293725
1000, 0.15, 1.8, 0, 1.9702044470504085
1000, 0.15, 1.8, 1, 1.640411161294425
1000, 0.15, 2, 0, 2.09745109077511
1000, 0.15, 2, 1, 1.8998897206587144
1000, 0.2, 0.1, 0, 1.528146636931878
1000, 0.2, 0.1, 1, 1.305152867133084
1000, 0.2, 0.5, 0, 1.7535303227692887
1000, 0.2, 0.5, 1, 1.3166711879336177
1000, 0.2, 0.8, 0, 1.8935348744201699
1000, 0.2, 0.8, 1, 1.4796838272933461
1000, 0.2, 1, 0, 1.8306172755595316
1000, 0.2, 1, 1, 1.5903898010704622
1000, 0.2, 1.2, 0, 1.9085554768101942
1000, 0.2, 1.2, 1, 1.617047410585726
1000, 0.2, 1.4, 0, 1.9967330821059872
1000, 0.2, 1.4, 1, 1.6344192661144545
1000, 0.2, 1.5, 0, 1.8332810034314968
1000, 0.2, 1.5, 1, 1.5605528969238438
1000, 0.2, 1.8, 0, 1.8806184754488597
1000, 0.2, 1.8, 1, 2.4850247853442786
1000, 0.2, 2, 0, 2.165557970171188
1000, 0.2, 2, 1, 1.7344288440237126
