1000, 0, 0.1, 0, 1.9853389012099383
1000, 0, 0.1, 1, 2.052887042949611
1000, 0, 0.5, 0, 1.969261878920444
1000, 0, 0.5, 1, 2.5305069013941432
1000, 0, 0.8, 0, 2.0555439863275238
1000, 0, 0.8, 1, 2.7512774869151335
1000, 0, 1, 0, 1.9784957231651086
1000, 0, 1, 1, 2.5520243402789355
1000, 0, 1.2, 0, 2.0274386159580295
1000, 0, 1.2, 1, 2.3841538011681207
1000, 0, 1.4, 0, 1.999813080618126
1000, 0, 1.4, 1, 2.5124246143825038
1000, 0, 1.5, 0, 2.007021666377137
1000, 0, 1.5, 1, 2.0351999152802493
1000, 0, 1.8, 0, 1.9789720865698208
1000, 0, 1.8, 1, 2.1979274431055322
1000, 0, 2, 0, 1.9425996572511002
1000, 0, 2, 1, 2.619628681412815
1000, 0.01, 0.1, 0, 2.002206855116753
1000, 0.01, 0.1, 1, 2.4237500366827525
1000, 0.01, 0.5, 0, 2.021087288044929
1000, 0.01, 0.5, 1, 2.249837341244518
1000, 0.01, 0.8, 0, 2.034159593860666
1000, 0.01, 0.8, 1, 2.5468960784179853
1000, 0.01, 1, 0, 2.0339487680899198
1000, 0.01, 1, 1, 2.1154874077102335
1000, 0.01, 1.2, 0, 2.0037565621207096
1000, 0.01, 1.2, 1, 2.488101930691192
1000, 0.01, 1.4, 0, 2.0931835535645575
1000, 0.01, 1.4, 1, 2.4405995467038775
1000, 0.01, 1.5, 0, 2.00870394274712
1000, 0.01, 1.5, 1, 2.871321624058404
1000, 0.01, 1.8, 0, 2.0934803549265903
1000, 0.01, 1.8, 1, 2.663592565196701
1000, 0.01, 2, 0, 2.0279556147719515
1000, 0.01, 2, 1, 2.2147855903378155
1000, 0.02, 0.1, 0, 1.9698949779649062
1000, 0.02, 0.1, 1, 2.4019380386439284
1000, 0.02, 0.5, 0, 2.059391748221975
1000, 0.02, 0.5, 1, 2.5874471615538974
1000, 0.02, 0.8, 0, 2.1024073475310403
1000, 0.02, 0.8, 1, 2.0514923250798494
1000, 0.02, 1, 0, 2.0320377360140287
1000, 0.02, 1, 1, 2.44113309145049
1000, 0.02, 1.2, 0, 2.0235050483332646
1000, 0.02, 1.2, 1, 2.6688175992843575
1000, 0.02, 1.4, 0, 2.060366116377023
1000, 0.02, 1.4, 1, 2.341665633079464
1000, 0.02, 1.5, 0, 2.1205203238142207
1000, 0.02, 1.5, 1, 2.5126737927664085
1000, 0.02, 1.8, 0, 2.1501517594131503
1000, 0.02, 1.8, 1, 2.4724107225147387
1000, 0.02, 2, 0, 2.134349932541226
1000, 0.02, 2, 1, 2.4524743960939337
1000, 0.03, 0.1, 0, 1.9638066258477302
1000, 0.03, 0.1, 1, 2.521497896829041
1000, 0.03, 0.5, 0, 1.9911760313163462
1000, 0.03, 0.5, 1, 2.149396618043782
1000, 0.03, 0.8, 0, 2.0930329503526255
1000, 0.03, 0.8, 1, 2.2215156943541974
1000, 0.03, 1, 0, 2.0388450279116066
1000, 0.03, 1, 1, 2.2648568665714013
1000, 0.03, 1.2, 0, 2.0802754305290403
1000, 0.03, 1.2, 1, 2.4276437156626116
1000, 0.03, 1.4, 0, 2.0838629613647353
1000, 0.03, 1.4, 1, 2.5282561304182853
1000, 0.03, 1.5, 0, 2.0697352109897142
1000, 0.03, 1.5, 1, 2.925497648307165
1000, 0.03, 1.8, 0, 2.134044520395438
1000, 0.03, 1.8, 1, 2.142740265708941
1000, 0.03, 2, 0, 2.188029664576367
1000, 0.03, 2, 1, 2.338945148980144
1000, 0.04, 0.1, 0, 2.0172743041799666
1000, 0.04, 0.1, 1, 2.433465071258272
1000, 0.04, 0.5, 0, 2.041452443176795
1000, 0.04, 0.5, 1, 2.675104775444793
1000, 0.04, 0.8, 0, 2.098483298416202
1000, 0.04, 0.8, 1, 3.0413452080363523
1000, 0.04, 1, 0, 2.087916167046753
1000, 0.04, 1, 1, 2.5100916113514984
1000, 0.04, 1.2, 0, 2.090565782441641
1000, 0.04, 1.2, 1, 2.517735421836354
1000, 0.04, 1.4, 0, 2.1869630865967076
1000, 0.04, 1.4, 1, 2.2283588833280032
1000, 0.04, 1.5, 0, 2.156525330837926
1000, 0.04, 1.5, 1, 2.4472132923917025
1000, 0.04, 1.8, 0, 2.194606226586636
1000, 0.04, 1.8, 1, 2.186394686933413
1000, 0.04, 2, 0, 2.257734439646137
1000, 0.04, 2, 1, 2.6228924630026813
1000, 0.05, 0.1, 0, 2.000765351952463
1000, 0.05, 0.1, 1, 2.5564545822549753
1000, 0.05, 0.5, 0, 2.0842537722222603
1000, 0.05, 0.5, 1, 2.7885277254954675
1000, 0.05, 0.8, 0, 2.0932578368275356
1000, 0.05, 0.8, 1, 2.256903952715192
1000, 0.05, 1, 0, 2.13713897442817
1000, 0.05, 1, 1, 2.341595663535843
1000, 0.05, 1.2, 0, 2.0656592590308476
1000, 0.05, 1.2, 1, 2.688347074895606
1000, 0.05, 1.4, 0, 2.1822830657865393
1000, 0.05, 1.4, 1, 2.351529453781205
1000, 0.05, 1.5, 0, 2.1810454983182743
1000, 0.05, 1.5, 1, 2.773075814163103
1000, 0.05, 1.8, 0, 2.167409297309221
1000, 0.05, 1.8, 1, 2.7112547245969667
1000, 0.05, 2, 0, 2.175935157226478
1000, 0.05, 2, 1, 1.9992049236333944
1000, 0.06, 0.1, 0, 2.0411408144103182
1000, 0.06, 0.1, 1, 2.7020814947826937
1000, 0.06, 0.5, 0, 2.0536309868189315
1000, 0.06, 0.5, 1, 2.6620371235633873
1000, 0.06, 0.8, 0, 2.1024556432453543
1000, 0.06, 0.8, 1, 2.3361249488465576
1000, 0.06, 1, 0, 2.212272018577675
1000, 0.06, 1, 1, 2.421055546062045
1000, 0.06, 1.2, 0, 2.07936835820512
1000, 0.06, 1.2, 1, 2.488855980199365
1000, 0.06, 1.4, 0, 2.1408284567495084
1000, 0.06, 1.4, 1, 2.3154028413669434
1000, 0.06, 1.5, 0, 2.2416507769957246
1000, 0.06, 1.5, 1, 3.0596540724170347
1000, 0.06, 1.8, 0, 2.332372499683964
1000, 0.06, 1.8, 1, 2.8603152524088338
1000, 0.06, 2, 0, 2.2364384723744672
1000, 0.06, 2, 1, 2.774551373666646
1000, 0.07, 0.1, 0, 2.0253516646499516
1000, 0.07, 0.1, 1, 2.2540426192509884
1000, 0.07, 0.5, 0, 2.0890835382542368
1000, 0.07, 0.5, 1, 2.058107782677696
1000, 0.07, 0.8, 0, 2.124859921087021
1000, 0.07, 0.8, 1, 2.13935944366088
1000, 0.07, 1, 0, 2.1717117656851213
1000, 0.07, 1, 1, 2.5778280576140316
1000, 0.07, 1.2, 0, 2.1676218818735298
1000, 0.07, 1.2, 1, 2.6935172852227893
1000, 0.07, 1.4, 0, 2.1751704696256637
1000, 0.07, 1.4, 1, 2.39199542170347
1000, 0.07, 1.5, 0, 2.357640041966709
1000, 0.07, 1.5, 1, 2.532186033550412
1000, 0.07, 1.8, 0, 2.263276065225522
1000, 0.07, 1.8, 1, 2.483384578982142
1000, 0.07, 2, 0, 2.194618284672742
1000, 0.07, 2, 1, 2.3532310905121117
1000, 0.08, 0.1, 0, 2.0060817489460963
1000, 0.08, 0.1, 1, 2.2418353482734177
1000, 0.08, 0.5, 0, 2.057806440319934
1000, 0.08, 0.5, 1, 2.367969804698928
1000, 0.08, 0.8, 0, 2.145592185746682
1000, 0.08, 0.8, 1, 2.5171651131201944
1000, 0.08, 1, 0, 2.2719084639294658
1000, 0.08, 1, 1, 2.4126576213381927
1000, 0.08, 1.2, 0, 2.184620555534618
1000, 0.08, 1.2, 1, 2.270851167078123
1000, 0.08, 1.4, 0, 2.2086330573155943
1000, 0.08, 1.4, 1, 2.2065215818385058
1000, 0.08, 1.5, 0, 2.2429811520349996
1000, 0.08, 1.5, 1, 2.558186525135641
1000, 0.08, 1.8, 0, 2.259385783587669
1000, 0.08, 1.8, 1, 2.708653985097677
1000, 0.08, 2, 0, 2.382715561822988
1000, 0.08, 2, 1, 2.6799757453549327
1000, 0.09, 0.1, 0, 1.9716374721231427
1000, 0.09, 0.1, 1, 2.602471500015803
1000, 0.09, 0.5, 0, 2.1187426717731754
1000, 0.09, 0.5, 1, 2.5432123478563025
1000, 0.09, 0.8, 0, 2.090335711310132
1000, 0.09, 0.8, 1, 2.4416462424258896
1000, 0.09, 1, 0, 2.1696927630830385
1000, 0.09, 1, 1, 2.2984231079939303
1000, 0.09, 1.2, 0, 2.310390449661865
1000, 0.09, 1.2, 1, 2.5292908815807524
1000, 0.09, 1.4, 0, 2.2300710938401482
1000, 0.09, 1.4, 1, 2.5755645989941014
1000, 0.09, 1.5, 0, 2.254137958699637
1000, 0.09, 1.5, 1, 2.717322630606
1000, 0.09, 1.8, 0, 2.3653971707507346
1000, 0.09, 1.8, 1, 2.7929859759253493
1000, 0.09, 2, 0, 2.2898015491198223
1000, 0.09, 2, 1, 2.6181029924321897
1000, 0.1, 0.1, 0, 2.016997071546774
1000, 0.1, 0.1, 1, 2.4712517337220357
1000, 0.1, 0.5, 0, 2.096930553779433
1000, 0.1, 0.5, 1, 2.693888361671723
1000, 0.1, 0.8, 0, 2.136881211596054
1000, 0.1, 0.8, 1, 2.1780085210038918
1000, 0.1, 1, 0, 2.2495413056537465
1000, 0.1, 1, 1, 2.999596814532757
1000, 0.1, 1.2, 0, 2.1657285555832066
1000, 0.1, 1.2, 1, 2.7238649168249656
1000, 0.1, 1.4, 0, 2.198217597916614
1000, 0.1, 1.4, 1, 2.6505559543189836
1000, 0.1, 1.5, 0, 2.2448498610467116
1000, 0.1, 1.5, 1, 2.8619707593905024
1000, 0.1, 1.8, 0, 2.29433618831728
1000, 0.1, 1.8, 1, 2.3376603530038484
1000, 0.1, 2, 0, 2.3373783171762637
1000, 0.1, 2, 1, 2.4814237975069426
1000, 0.15, 0.1, 0, 2.008885358819434
1000, 0.15, 0.1, 1, 2.339446985655759
1000, 0.15, 0.5, 0, 2.1105245371631307
1000, 0.15, 0.5, 1, 2.2425075301682122
1000, 0.15, 0.8, 0, 2.2166874407385553
1000, 0.15, 0.8, 1, 2.44610796346323
1000, 0.15, 1, 0, 2.209731301040474
1000, 0.15, 1, 1, 2.2030546044632273
1000, 0.15, 1.2, 0, 2.313345283541383
1000, 0.15, 1.2, 1, 2.286600145105127
1000, 0.15, 1.4, 0, 2.4560151997572714
1000, 0.15, 1.4, 1, 2.579876710845292
1000, 0.15, 1.5, 0, 2.511862749260745
1000, 0.15, 1.5, 1, 2.75918557050662
1000, 0.15, 1.8, 0, 2.456686518230876
1000, 0.15, 1.8, 1, 2.754592417106504
1000, 0.15, 2, 0, 2.415585252368169
1000, 0.15, 2, 1, 2.8798366184772526
1000, 0.2, 0.1, 0, 1.9994707309349875
1000, 0.2, 0.1, 1, 2.4127814337325977
1000, 0.2, 0.5, 0, 2.1620912654469446
1000, 0.2, 0.5, 1, 2.500292804483201
1000, 0.2, 0.8, 0, 2.3157971630798064
1000, 0.2, 0.8, 1, 2.5544225186012435
1000, 0.2, 1, 0, 2.3237485100550272
1000, 0.2, 1, 1, 2.514559618544716
1000, 0.2, 1.2, 0, 2.3848103366130955
1000, 0.2, 1.2, 1, 2.3744604721404174
1000, 0.2, 1.4, 0, 2.4642986030717124
1000, 0.2, 1.4, 1, 2.5311168644359956
1000, 0.2, 1.5, 0, 2.583642958626988
1000, 0.2, 1.5, 1, 4.022521984785149
1000, 0.2, 1.8, 0, 2.399461189691307
1000, 0.2, 1.8, 1, 2.707111238817474
1000, 0.2, 2, 0, 2.5561527500273624
1000, 0.2, 2, 1, 2.7132753310637696
