block1, (12443.379679489135, 4628.02036283785), (527.532170343399, 198.73581856163574), (5.9562919538181, 0.9603432806292085), (5.347262106385569, 1.3461712532753207),  (14.737928884632401, 2.9248512037912042)
0.984157250735435
block2, (10243.053170382977, 3542.471907124611), (626.2637225389481, 222.44886261462273), (5.94389501602488, 0.9591699396056512), (5.228640902732012, 1.3993104103518732),  (10.870080224497226, 1.7653338185335288)
0.984157250735435
block3, (6251.441902530193, 2101.607993383973), (429.45407873392105, 155.54482738679604), (5.935940014157977, 0.9591183162315027), (5.2090741790607655, 1.370527791026726),  (8.339332788528067, 2.4781317898795647)
0.984157250735435
block4, (3225.319704991579, 1204.5622743742788), (219.22721804976464, 89.61339942994194), (5.92093896556611, 0.9642940481353681), (5.092468061622995, 1.3507439271535866),  (7.368260398374829, 1.2775294182779042)
0.984157250735435
block5, (770.6069131711498, 347.0175120119322), (45.80758788883686, 21.182990068348534), (5.836942650037129, 0.9714419678267892), (4.730306747495673, 1.296424194879986),  (3.0883439420446663, 4.84309947835021)
0.984157250735435
block6, (775.352905311063, 347.73241044507256), (42.92716555818915, 20.430015037834217), (5.810677125554485, 0.9725421934521654), (4.568878974116333, 1.313675260214943),  (4.4592814498664115, 1.1843614912630882)
0.984157250735435
block7, (396.4481546081603, 160.1786248106788), (19.737693721801044, 8.798831356384405), (5.718262708799413, 0.9711038643743882), (4.313406731449134, 1.2475811335582145),  (3.534250525018927, 0.7546774558118707)
0.984157250735435
block8, (301.6399637689814, 108.28934672772607), (14.867985228449106, 6.149976802279155), (5.563893952725211, 0.9457186649364879), (3.9908328272087226, 1.199560850500395),  (2.829963941271804, 0.3938634565797146)
0.984157250735435
